2.3776995e-01	2.6503824e-01	2.7706622e-01	2.9129436e-01	3.0282142e-01	3.1980938e-01	3.4428064e-01	3.6485920e-01	3.8408132e-01	3.8233878e-01	6.8589545e-01	6.9013590e-01	7.0287754e-01	7.1609687e-01	7.1900966e-01	7.1543707e-01	7.3032742e-01	7.3285443e-01	7.4214860e-01	7.5041833e-01	6.7988534e-01	6.9553876e-01	7.0128866e-01	7.0830394e-01	7.2228802e-01	7.2326557e-01	7.3925742e-01	7.5390747e-01	7.6198694e-01	7.6260733e-01	7.3549946e-01	7.3535885e-01	7.3504221e-01	7.3520700e-01	7.3365937e-01	7.3770472e-01	7.3922141e-01	7.3465424e-01	7.3252396e-01	7.3030417e-01	1.0000000e+00
2.8239704e-01	2.9539354e-01	3.0782267e-01	3.1739696e-01	3.3141625e-01	3.4204833e-01	3.4490910e-01	3.4306676e-01	3.3194204e-01	3.4176557e-01	6.4132746e-01	6.4783345e-01	6.6985841e-01	6.9253758e-01	7.0069445e-01	7.0649751e-01	7.2292152e-01	7.3463413e-01	7.5218389e-01	7.5204819e-01	5.9701159e-01	5.8820384e-01	5.9352737e-01	6.0624715e-01	6.2375844e-01	6.3903994e-01	6.4232073e-01	6.3486042e-01	6.3542480e-01	6.4567980e-01	6.7226115e-01	6.7865154e-01	6.8175664e-01	6.8919269e-01	6.9589178e-01	7.0006898e-01	7.0526837e-01	7.0545353e-01	7.0819770e-01	7.1247288e-01	1.0000000e+00
2.0790080e-01	2.1764586e-01	2.3108026e-01	2.4755726e-01	2.5474782e-01	2.6898969e-01	2.7393393e-01	2.8741351e-01	2.8618722e-01	2.9577968e-01	5.7920536e-01	5.7847602e-01	5.7411338e-01	5.8827934e-01	5.8753067e-01	5.9260281e-01	5.8325415e-01	5.7791009e-01	5.8804534e-01	6.0444447e-01	6.4391848e-01	6.4932803e-01	6.4627832e-01	6.4868426e-01	6.5369046e-01	6.5781157e-01	6.5533531e-01	6.6188495e-01	6.7335385e-01	6.8540206e-01	6.4337928e-01	6.4334378e-01	6.4336936e-01	6.4382512e-01	6.4995738e-01	6.5893209e-01	6.6224961e-01	6.6264701e-01	6.6986700e-01	6.7450283e-01	1.0000000e+00
1.5363807e-01	1.6655261e-01	1.8850003e-01	2.0573961e-01	2.2386504e-01	2.2854235e-01	2.3544952e-01	2.4520919e-01	2.5179360e-01	2.5811759e-01	5.2320107e-01	5.2643816e-01	5.3737679e-01	5.5061627e-01	5.5276471e-01	5.6196789e-01	5.6728160e-01	5.8359914e-01	5.9018885e-01	5.8664042e-01	6.3684912e-01	6.4073672e-01	6.5132731e-01	6.6123111e-01	6.6642037e-01	6.6280802e-01	6.6375275e-01	6.6993903e-01	6.7664485e-01	6.7838745e-01	6.6030970e-01	6.6096438e-01	6.7057158e-01	6.7309581e-01	6.7244325e-01	6.6740078e-01	6.7285903e-01	6.8307458e-01	6.8489120e-01	6.8417761e-01	1.0000000e+00
1.7170601e-01	1.8493059e-01	1.9311291e-01	2.0691007e-01	2.1293698e-01	2.0072368e-01	2.0245832e-01	1.9556393e-01	1.7941900e-01	1.7456831e-01	4.9712322e-01	4.9080538e-01	4.9547413e-01	4.7726747e-01	4.7468158e-01	4.7629985e-01	4.7273674e-01	4.6159138e-01	4.5259404e-01	4.5423383e-01	6.4322445e-01	6.4446386e-01	6.4771597e-01	6.3997060e-01	6.3185242e-01	6.2886557e-01	6.3716747e-01	6.4522712e-01	6.4624450e-01	6.5015273e-01	6.5110616e-01	6.5599590e-01	6.5987209e-01	6.5939386e-01	6.5688666e-01	6.5593737e-01	6.7116986e-01	6.6578888e-01	6.5754407e-01	6.6013962e-01	1.0000000e+00
1.8177243e-01	1.8439601e-01	1.8713793e-01	1.8214058e-01	1.9095303e-01	1.9149341e-01	2.0117150e-01	2.1710205e-01	2.2577392e-01	2.4134622e-01	4.9148670e-01	4.7967218e-01	4.7738076e-01	4.7256534e-01	4.6255913e-01	4.6987932e-01	4.7101396e-01	4.7481151e-01	4.8339174e-01	5.0827893e-01	6.2136760e-01	6.1817123e-01	6.1642710e-01	6.1850131e-01	6.2946536e-01	6.3407203e-01	6.4263027e-01	6.5776701e-01	6.7224030e-01	6.7468435e-01	6.3114645e-01	6.2560725e-01	6.2365882e-01	6.2302272e-01	6.2742112e-01	6.2893108e-01	6.3059955e-01	6.3796791e-01	6.4556971e-01	6.4555503e-01	1.0000000e+00
1.9569677e-01	2.1544406e-01	2.2728268e-01	2.4216901e-01	2.6844431e-01	2.8239570e-01	2.9856324e-01	3.0665347e-01	3.2299099e-01	3.3816565e-01	5.6603890e-01	5.5344047e-01	5.6672942e-01	5.7495907e-01	5.8199770e-01	5.9569404e-01	5.9927638e-01	5.9578045e-01	5.9398267e-01	5.9028789e-01	7.1873316e-01	7.2583566e-01	7.4155889e-01	7.5314736e-01	7.7301482e-01	7.7913832e-01	7.9458432e-01	8.0296578e-01	7.9864611e-01	8.0372418e-01	6.9674968e-01	7.0008365e-01	7.0325288e-01	7.0978675e-01	7.1734055e-01	7.0814918e-01	7.1556378e-01	7.2065108e-01	7.2095114e-01	7.1772195e-01	1.0000000e+00
3.4281300e-01	3.6027606e-01	3.8050341e-01	3.8448818e-01	3.8090152e-01	3.8313707e-01	3.9940862e-01	4.1278935e-01	4.1510744e-01	4.2527276e-01	6.1900440e-01	6.1112732e-01	6.2995766e-01	6.4427774e-01	6.3304046e-01	6.1116123e-01	6.0508212e-01	5.9633713e-01	6.0319077e-01	6.0962062e-01	6.0277502e-01	6.0536888e-01	6.0668633e-01	6.0400789e-01	5.9686143e-01	5.8541596e-01	5.8095813e-01	5.8194523e-01	5.8902319e-01	5.8703511e-01	6.7369548e-01	6.7835340e-01	6.8423117e-01	6.8657949e-01	6.8292130e-01	6.8305633e-01	6.8972669e-01	6.9123577e-01	6.9101312e-01	6.9220949e-01	1.0000000e+00
5.0720867e-01	5.1612616e-01	5.1305605e-01	5.0532080e-01	4.9519245e-01	4.9317774e-01	5.0435255e-01	4.9649181e-01	4.8810095e-01	4.7513157e-01	6.9871261e-01	7.0566193e-01	7.0440087e-01	7.0269117e-01	7.0237317e-01	6.9285499e-01	6.7120931e-01	6.5969017e-01	6.6443157e-01	6.6139850e-01	7.6534089e-01	7.8166240e-01	7.7190141e-01	7.7206995e-01	7.7827080e-01	7.7928062e-01	7.8038632e-01	7.7077174e-01	7.6650816e-01	7.6334822e-01	7.1316868e-01	7.1086003e-01	7.0765018e-01	7.0131313e-01	7.0078228e-01	6.9651512e-01	6.9290038e-01	6.8340629e-01	6.8260319e-01	6.8159978e-01	1.0000000e+00
2.0178602e-01	2.1364779e-01	2.2749467e-01	2.3581621e-01	2.3149483e-01	2.2904422e-01	2.2916779e-01	2.4436789e-01	2.6294804e-01	2.6885091e-01	4.7343276e-01	4.9582620e-01	4.9451083e-01	4.9509369e-01	4.9627215e-01	5.0154889e-01	5.0468623e-01	5.2164382e-01	5.4219506e-01	5.3797292e-01	7.0146453e-01	7.0984808e-01	7.1133624e-01	7.0751397e-01	7.0651290e-01	7.1038775e-01	7.0764288e-01	7.0456985e-01	7.0085517e-01	6.9278343e-01	6.5444782e-01	6.6007241e-01	6.6461844e-01	6.6631288e-01	6.6791809e-01	6.7410763e-01	6.6667763e-01	6.7197722e-01	6.7901771e-01	6.7302433e-01	1.0000000e+00
2.3001142e-01	2.3793311e-01	2.4912860e-01	2.5706601e-01	2.8348440e-01	3.0482370e-01	3.1733807e-01	3.3088261e-01	3.2823875e-01	3.2743742e-01	8.3013899e-01	8.2208595e-01	8.0835311e-01	7.9627041e-01	7.8656672e-01	7.8550853e-01	7.8743084e-01	7.7472141e-01	7.4128769e-01	7.1312340e-01	7.7886575e-01	7.8024338e-01	7.7956797e-01	7.9078483e-01	7.9543892e-01	8.0064880e-01	8.0076322e-01	7.8709196e-01	7.7126282e-01	7.5194355e-01	7.1686433e-01	7.2233652e-01	7.2639439e-01	7.2910134e-01	7.3092945e-01	7.3121695e-01	7.3097463e-01	7.2914238e-01	7.2130331e-01	7.1513713e-01	1.0000000e+00
2.6671872e-01	2.7944744e-01	2.6502796e-01	2.7727009e-01	2.8796052e-01	2.8246247e-01	2.8533092e-01	2.9960482e-01	3.0815892e-01	3.0640859e-01	4.8108418e-01	4.8417220e-01	4.8138571e-01	4.9897313e-01	5.1109638e-01	5.2049047e-01	5.1602149e-01	5.3307373e-01	5.3760731e-01	5.3485115e-01	7.1925633e-01	7.2491852e-01	7.2257443e-01	7.2916117e-01	7.2806974e-01	7.3284863e-01	7.3740663e-01	7.4381028e-01	7.4647364e-01	7.2654091e-01	7.0871648e-01	7.0971242e-01	7.0775123e-01	7.0717239e-01	7.0948231e-01	7.1472498e-01	7.1875823e-01	7.1770732e-01	7.2213425e-01	7.2069405e-01	1.0000000e+00
0.0000000e+00	2.4503279e-02	3.7174044e-02	5.0575367e-02	8.3889775e-02	9.4230426e-02	1.0379900e-01	1.2089449e-01	1.3047187e-01	1.4223451e-01	5.9151039e-01	6.0081796e-01	6.0833166e-01	6.1438348e-01	6.5081331e-01	6.6856140e-01	6.7540729e-01	6.7379278e-01	6.7098837e-01	6.8899076e-01	4.5611104e-01	4.7071814e-01	4.7945361e-01	4.9337455e-01	5.1673304e-01	5.3015511e-01	5.4077939e-01	5.6513810e-01	5.7487205e-01	5.7418582e-01	5.9311885e-01	6.0260075e-01	6.0655702e-01	6.1580597e-01	6.2680749e-01	6.3079992e-01	6.2919419e-01	6.3260784e-01	6.4050319e-01	6.4518900e-01	1.0000000e+00
3.4281198e-01	3.3814380e-01	3.3284787e-01	3.4390694e-01	3.5385587e-01	3.5972167e-01	3.5339937e-01	3.6403307e-01	3.7506811e-01	3.7798939e-01	6.4718214e-01	6.4780870e-01	6.4905705e-01	6.5028220e-01	6.2800388e-01	6.2546529e-01	6.2147328e-01	6.2532881e-01	6.2720359e-01	6.3477049e-01	6.8903391e-01	6.8740208e-01	6.9450026e-01	6.8918862e-01	6.7993185e-01	6.7945716e-01	6.8197806e-01	6.8469722e-01	6.9077264e-01	7.1177500e-01	7.3208283e-01	7.3113532e-01	7.3944106e-01	7.3598838e-01	7.3431624e-01	7.3073156e-01	7.2529485e-01	7.2480668e-01	7.3138516e-01	7.3365409e-01	1.0000000e+00
2.0552315e-01	2.1387324e-01	2.3155766e-01	2.5044008e-01	2.7605865e-01	2.8581563e-01	2.9625467e-01	3.2021538e-01	3.3203025e-01	3.4171325e-01	6.4699472e-01	6.5454562e-01	6.6893089e-01	6.7607896e-01	6.8931627e-01	7.0486625e-01	7.1155350e-01	7.2936272e-01	7.4169554e-01	7.4799622e-01	6.7135913e-01	6.9006328e-01	6.9568014e-01	6.8368869e-01	6.8898492e-01	6.9962038e-01	6.9657571e-01	7.0246676e-01	7.0920006e-01	7.1665758e-01	6.7939711e-01	6.9079095e-01	6.9405198e-01	7.0076701e-01	7.0522128e-01	7.1033206e-01	7.1099204e-01	7.1621201e-01	7.2658537e-01	7.3803582e-01	1.0000000e+00
2.2896393e-01	2.5148313e-01	2.6549254e-01	2.7165039e-01	2.8494565e-01	3.0495303e-01	3.2620367e-01	3.4321094e-01	3.4810121e-01	3.6166780e-01	7.0260569e-01	7.1329034e-01	7.1649415e-01	7.2945497e-01	7.4562437e-01	7.5918017e-01	7.7657363e-01	7.9018197e-01	7.8834462e-01	7.9505591e-01	6.9431089e-01	7.0726849e-01	7.2194204e-01	7.2743677e-01	7.3000460e-01	7.3295872e-01	7.3909069e-01	7.5061127e-01	7.5254405e-01	7.5438148e-01	7.0324074e-01	7.0532676e-01	7.0832173e-01	7.1170724e-01	7.1193221e-01	7.1613636e-01	7.1126641e-01	7.1166393e-01	7.1297692e-01	7.0563931e-01	1.0000000e+00
3.2452003e-01	3.5401442e-01	3.6493576e-01	3.6475514e-01	3.6168734e-01	3.5685068e-01	3.2869829e-01	3.2175261e-01	3.0525409e-01	2.5635261e-01	6.7642792e-01	6.6162157e-01	6.4881577e-01	6.5314618e-01	6.5003806e-01	6.4122252e-01	6.3265003e-01	6.2136368e-01	6.1277767e-01	6.0507007e-01	6.9938024e-01	6.7151600e-01	6.6512749e-01	6.6527823e-01	6.5560091e-01	6.3967042e-01	6.3747010e-01	6.3358077e-01	6.3488149e-01	6.2478466e-01	7.0907845e-01	6.9071873e-01	6.7602506e-01	6.6923289e-01	6.6391614e-01	6.5361988e-01	6.4894613e-01	6.4211983e-01	6.3959983e-01	6.3712762e-01	1.0000000e+00
6.4716194e-01	6.3471520e-01	6.4210272e-01	6.4500162e-01	6.4612911e-01	6.3980634e-01	6.3795259e-01	6.2570357e-01	6.1785912e-01	6.0741229e-01	9.2282571e-02	7.6650728e-02	9.2870542e-02	1.0288648e-01	9.8532209e-02	8.0593729e-02	7.7115193e-02	7.0168036e-02	7.6603788e-02	7.0468245e-02	3.7010893e-01	3.7298093e-01	3.9343921e-01	3.7870630e-01	3.7773897e-01	3.6425518e-01	3.5037771e-01	3.2874698e-01	3.1497065e-01	2.9709879e-01	7.5269703e-01	7.5005249e-01	7.6052334e-01	7.5557137e-01	7.5766667e-01	7.5560429e-01	7.5239004e-01	7.4349169e-01	7.3717366e-01	7.2935000e-01	2.0000000e+00
5.6824714e-01	5.7482998e-01	5.8093140e-01	5.9601260e-01	6.0825029e-01	6.1201084e-01	6.1590097e-01	6.1519064e-01	6.1546400e-01	6.1311879e-01	1.2070647e-02	2.5743581e-02	2.5239195e-02	4.2299145e-02	4.3524439e-02	4.6184798e-02	4.4575584e-02	4.6680760e-02	4.4476457e-02	4.0538938e-02	3.0640388e-01	3.0256087e-01	3.1176407e-01	3.2489483e-01	3.3143038e-01	3.3886911e-01	3.4591182e-01	3.5346148e-01	3.5426511e-01	3.5699824e-01	6.8893895e-01	6.9353525e-01	6.9909587e-01	7.0941049e-01	7.1910839e-01	7.2393188e-01	7.2776196e-01	7.3074028e-01	7.3159935e-01	7.3274724e-01	2.0000000e+00
7.1654203e-01	7.1604634e-01	7.0394013e-01	7.0749521e-01	7.0985629e-01	7.0025230e-01	6.8938400e-01	6.8211993e-01	6.8676373e-01	6.9657172e-01	1.1573762e-01	1.3489930e-01	1.3956214e-01	1.4654259e-01	1.5468456e-01	1.3856646e-01	1.2889691e-01	1.1327298e-01	1.2044987e-01	1.2655823e-01	4.4309328e-01	4.4200064e-01	4.4486967e-01	4.4246058e-01	4.4885881e-01	4.4788532e-01	4.4004749e-01	4.2576843e-01	4.1890998e-01	4.1162756e-01	7.9920322e-01	8.0347071e-01	8.0335125e-01	8.0054314e-01	7.9420466e-01	7.8269433e-01	7.5385003e-01	7.4226534e-01	7.3354147e-01	7.3326139e-01	2.0000000e+00
6.0253580e-01	6.0908465e-01	6.1548093e-01	6.2720012e-01	6.3243641e-01	6.4392676e-01	6.5138944e-01	6.4498046e-01	6.5228088e-01	6.5523968e-01	3.8864517e-02	4.3229762e-02	4.5310970e-02	4.9761337e-02	6.6353948e-02	7.1928421e-02	8.3120193e-02	6.6779762e-02	5.8869941e-02	5.9186218e-02	3.4783984e-01	3.5217751e-01	3.4457802e-01	3.4904463e-01	3.5424757e-01	3.6542941e-01	3.8435147e-01	3.8058105e-01	3.9027920e-01	4.0518252e-01	7.3167983e-01	7.3563657e-01	7.3299028e-01	7.3419144e-01	7.3570893e-01	7.4243345e-01	7.4941941e-01	7.4470434e-01	7.4762140e-01	7.5342447e-01	2.0000000e+00
6.6940931e-01	6.7292594e-01	6.7744738e-01	6.8783269e-01	6.9036391e-01	6.8192497e-01	6.8213114e-01	6.8273368e-01	6.8641026e-01	6.8364466e-01	7.2776115e-02	7.3385150e-02	7.6889872e-02	8.4879568e-02	8.8101327e-02	9.8317657e-02	1.2121721e-01	1.2621540e-01	1.0665414e-01	8.3913212e-02	2.6206197e-01	2.8069465e-01	2.8562152e-01	2.9666740e-01	2.9380989e-01	2.8968876e-01	3.0237134e-01	3.0067505e-01	3.0962842e-01	3.0746674e-01	7.0586019e-01	7.0932225e-01	7.1203898e-01	7.1787872e-01	7.1658378e-01	7.1467630e-01	7.1800120e-01	7.1714788e-01	7.1895619e-01	7.1793429e-01	2.0000000e+00
6.9413958e-01	6.9822041e-01	7.0268020e-01	7.0117931e-01	7.0004887e-01	6.9828199e-01	6.8712660e-01	6.8964921e-01	6.9426947e-01	7.0241724e-01	7.3683790e-02	7.6625427e-02	7.4579860e-02	7.0890726e-02	6.3435723e-02	6.8423293e-02	6.6718638e-02	8.0400420e-02	8.6764113e-02	9.1863395e-02	3.7167595e-01	3.8181622e-01	3.9828056e-01	3.9233358e-01	3.8401827e-01	3.8184295e-01	3.7323761e-01	3.7267822e-01	3.8019522e-01	3.7804767e-01	7.5152709e-01	7.5726814e-01	7.6217042e-01	7.6139536e-01	7.5882047e-01	7.5748293e-01	7.5158054e-01	7.5105499e-01	7.5536810e-01	7.5792279e-01	2.0000000e+00
7.4433635e-01	7.4647264e-01	7.4546192e-01	7.4561992e-01	7.5137043e-01	7.5126310e-01	7.4867723e-01	7.4666354e-01	7.5182172e-01	7.5491342e-01	2.1540275e-01	2.0850449e-01	2.1364593e-01	2.1584484e-01	2.2145644e-01	2.1867684e-01	2.1427944e-01	2.0638089e-01	2.1928175e-01	2.1794813e-01	3.3888066e-01	3.4211560e-01	3.5676813e-01	3.6730758e-01	3.6470408e-01	3.8518758e-01	3.7487188e-01	3.6281228e-01	3.6158731e-01	3.6379002e-01	7.7577766e-01	7.7576837e-01	7.7883465e-01	7.8060747e-01	7.8031476e-01	7.8880981e-01	7.8654036e-01	7.8440485e-01	7.8662247e-01	7.8554429e-01	2.0000000e+00
7.3889774e-01	7.4057189e-01	7.3994230e-01	7.3109563e-01	7.1832904e-01	7.1146290e-01	7.0194269e-01	6.8826583e-01	6.8930791e-01	6.8939037e-01	1.3176195e-01	1.3671547e-01	1.3332990e-01	1.2806488e-01	1.3056886e-01	1.2202626e-01	1.1182986e-01	9.9833174e-02	1.0034646e-01	9.7846622e-02	3.8912280e-01	3.8670438e-01	3.9171242e-01	3.9533834e-01	3.9427757e-01	3.9051635e-01	3.8181378e-01	3.7765704e-01	3.8860730e-01	3.9119959e-01	7.4338051e-01	7.4413356e-01	7.4699679e-01	7.4609502e-01	7.4074776e-01	7.3797091e-01	7.3326403e-01	7.2907727e-01	7.3439940e-01	7.3498654e-01	2.0000000e+00
6.9606572e-01	6.9888034e-01	6.9831981e-01	6.7831989e-01	6.7788417e-01	6.7866944e-01	6.9107472e-01	6.8537561e-01	6.8080961e-01	6.7723376e-01	9.6406816e-02	1.0671955e-01	8.5614866e-02	5.1096376e-02	3.9356652e-02	3.9745895e-02	5.4939733e-02	5.5606569e-02	4.5412671e-02	3.7919658e-02	3.1722664e-01	3.3182851e-01	3.3009568e-01	3.1120876e-01	3.2050998e-01	3.2694764e-01	3.3586813e-01	3.3063295e-01	3.2866208e-01	3.3192912e-01	7.3957258e-01	7.4513901e-01	7.4740055e-01	7.3635504e-01	7.4096524e-01	7.4453727e-01	7.4929662e-01	7.4453282e-01	7.4380565e-01	7.4447647e-01	2.0000000e+00
6.8416874e-01	6.7642288e-01	6.8030597e-01	6.8752895e-01	6.7185183e-01	6.6421892e-01	6.6555888e-01	6.7168852e-01	6.7596405e-01	6.6571640e-01	9.6164888e-02	8.8270205e-02	8.5559861e-02	8.0099983e-02	5.5771381e-02	4.3035604e-02	4.1853337e-02	4.8858647e-02	4.6479286e-02	3.5991664e-02	3.2412180e-01	3.1401176e-01	3.1969110e-01	3.2402137e-01	3.1162715e-01	3.1196139e-01	3.1264259e-01	3.1541527e-01	3.1665277e-01	3.2141170e-01	7.2375989e-01	7.1902695e-01	7.1893324e-01	7.2303647e-01	7.1508304e-01	7.1572391e-01	7.1335613e-01	7.2018594e-01	7.2158719e-01	7.2033945e-01	2.0000000e+00
7.0103946e-01	6.8632713e-01	6.7452626e-01	6.6672793e-01	6.5380863e-01	6.3012129e-01	6.0812931e-01	5.9563193e-01	5.9221080e-01	5.8397359e-01	1.9409854e-01	1.8840987e-01	1.7953590e-01	1.6014911e-01	1.3161974e-01	1.0228843e-01	8.5914503e-02	8.4314456e-02	8.3855742e-02	7.7343229e-02	2.8979472e-01	2.8272099e-01	2.6864147e-01	2.6395593e-01	2.5181308e-01	2.1685572e-01	2.1117011e-01	2.0833900e-01	2.1270704e-01	2.2242977e-01	7.9412785e-01	7.8924184e-01	7.8039661e-01	7.7464268e-01	7.6141996e-01	7.3734020e-01	7.2645183e-01	7.2167928e-01	7.2057605e-01	7.2261284e-01	2.0000000e+00
7.6313194e-01	7.5452445e-01	7.5062335e-01	7.5113892e-01	7.5502064e-01	7.6096202e-01	7.6215307e-01	7.5871475e-01	7.6604583e-01	7.7226682e-01	1.0756967e-01	1.0553620e-01	1.1909747e-01	1.3069685e-01	1.2562113e-01	1.1058530e-01	9.9675440e-02	1.0627415e-01	1.1468062e-01	1.2632159e-01	3.7363666e-01	3.6735651e-01	3.7311902e-01	3.6780028e-01	3.6743052e-01	3.7340783e-01	3.6552556e-01	3.5597099e-01	3.4924875e-01	3.5572266e-01	7.5357002e-01	7.4979985e-01	7.5199160e-01	7.5016321e-01	7.5225680e-01	7.5523876e-01	7.5525361e-01	7.5264948e-01	7.5010897e-01	7.5585728e-01	2.0000000e+00
4.8633451e-01	4.7808308e-01	4.7255781e-01	4.6874010e-01	4.7325743e-01	4.9306515e-01	5.0344646e-01	5.1311605e-01	5.3059524e-01	5.3800344e-01	1.3048033e-02	5.2340840e-03	5.2676584e-03	1.4918611e-02	3.2920675e-02	5.7548976e-02	7.8365899e-02	9.2376281e-02	1.1303332e-01	1.4446864e-01	5.8195624e-03	5.6074119e-03	0.0000000e+00	1.1857768e-02	3.0926356e-02	6.0687689e-02	9.6107054e-02	1.5444361e-01	1.6026839e-01	1.7464232e-01	5.1533776e-01	5.1480464e-01	5.2722986e-01	5.4871265e-01	5.6982205e-01	6.0609738e-01	6.4174859e-01	6.7785762e-01	7.0961921e-01	7.2084587e-01	2.0000000e+00
5.9481058e-01	6.0188733e-01	6.1760358e-01	6.3430912e-01	6.5151967e-01	6.6381139e-01	6.7170632e-01	6.7832098e-01	6.8496865e-01	6.9493424e-01	1.4052573e-01	1.3903114e-01	1.6384085e-01	1.9785919e-01	2.1180346e-01	2.3504438e-01	2.4146745e-01	2.3609103e-01	2.4615048e-01	2.5290405e-01	2.1771866e-01	2.2772503e-01	2.5464883e-01	2.7432205e-01	3.0350610e-01	3.4478042e-01	3.7003342e-01	3.7401271e-01	3.8019221e-01	3.8533975e-01	7.3464925e-01	7.3955084e-01	7.5201938e-01	7.6221894e-01	7.7279781e-01	7.8919292e-01	7.9941380e-01	8.0083281e-01	8.0639242e-01	8.1129582e-01	2.0000000e+00
6.4553791e-01	6.4999809e-01	6.5642362e-01	6.5915837e-01	6.6414271e-01	6.7112050e-01	6.7892923e-01	6.8726414e-01	6.9737086e-01	7.0665738e-01	1.3855260e-01	1.4807631e-01	1.5501109e-01	1.6632330e-01	1.7337366e-01	1.8560493e-01	1.9723661e-01	2.1907084e-01	2.3462783e-01	2.3493308e-01	1.3838704e-01	1.6085136e-01	1.8206660e-01	1.9200739e-01	1.8887716e-01	1.9897792e-01	1.9973851e-01	2.2709114e-01	2.4640355e-01	2.6332452e-01	6.8384973e-01	6.8729442e-01	6.9127641e-01	6.9194961e-01	6.8970125e-01	6.9372106e-01	6.9960517e-01	7.1661916e-01	7.2825567e-01	7.3813917e-01	2.0000000e+00
7.5726120e-01	7.4597105e-01	7.3463644e-01	7.3579685e-01	7.3829603e-01	7.4477976e-01	7.4226930e-01	7.4619051e-01	7.4387106e-01	7.4326870e-01	2.9920507e-01	2.8577585e-01	2.7259711e-01	2.6852643e-01	2.6271680e-01	2.6561753e-01	2.6995381e-01	2.7717598e-01	2.7279611e-01	2.6283920e-01	4.8675795e-01	4.8984558e-01	4.8853700e-01	4.8262504e-01	4.8730524e-01	4.8058408e-01	4.7758360e-01	4.8723041e-01	4.8244488e-01	4.7244478e-01	8.0415475e-01	8.0155579e-01	7.9769649e-01	7.9418734e-01	8.0026488e-01	8.0171660e-01	7.9907432e-01	8.0451367e-01	8.0235382e-01	8.0367826e-01	2.0000000e+00
6.6167857e-01	6.6577665e-01	6.7913541e-01	6.8247901e-01	6.7540710e-01	6.8327328e-01	6.8565824e-01	6.8902993e-01	6.9061189e-01	6.9649311e-01	1.2555916e-01	1.3768928e-01	1.5436559e-01	1.7291695e-01	1.6436091e-01	1.6467772e-01	1.7213272e-01	1.7508603e-01	1.8153303e-01	1.9040860e-01	1.5624252e-01	1.8178610e-01	1.9295598e-01	2.0077780e-01	2.0075430e-01	2.0809287e-01	2.3128982e-01	2.3613211e-01	2.3772741e-01	2.4860109e-01	6.8395043e-01	6.9801293e-01	7.0319478e-01	7.0288553e-01	6.9995905e-01	7.0222328e-01	7.0568541e-01	7.0825241e-01	7.0497515e-01	7.1026485e-01	2.0000000e+00
7.4843129e-01	7.3811531e-01	7.4026334e-01	7.3888817e-01	7.4517039e-01	7.5175441e-01	7.5515404e-01	7.5013317e-01	7.4946987e-01	7.4997072e-01	2.4306734e-01	2.3881250e-01	2.3375234e-01	2.2793823e-01	2.4116714e-01	2.4426116e-01	2.5194624e-01	2.5119531e-01	2.5620237e-01	2.5044187e-01	4.3254406e-01	4.2048604e-01	4.3021999e-01	4.4385909e-01	4.5394515e-01	4.6179151e-01	4.6608447e-01	4.6630327e-01	4.6407641e-01	4.6063420e-01	7.5712530e-01	7.4536171e-01	7.4959153e-01	7.5734370e-01	7.6295526e-01	7.6554141e-01	7.6743960e-01	7.6687504e-01	7.6782702e-01	7.6622388e-01	2.0000000e+00
7.1936998e-01	7.3186585e-01	7.3581677e-01	7.3128908e-01	7.2341802e-01	7.2461938e-01	7.3068531e-01	7.3385504e-01	7.3480790e-01	7.3374267e-01	1.6326212e-01	1.7831317e-01	1.8574517e-01	1.7284996e-01	1.6464042e-01	1.5773668e-01	1.6895988e-01	1.7538897e-01	1.7640842e-01	1.8259693e-01	3.1486101e-01	3.2922857e-01	3.3531950e-01	3.1947229e-01	3.0875535e-01	2.9106549e-01	2.9825949e-01	3.0019274e-01	2.9882649e-01	2.9459641e-01	7.4189510e-01	7.4976659e-01	7.5460536e-01	7.5175398e-01	7.4667551e-01	7.4542885e-01	7.4764973e-01	7.4960246e-01	7.5371182e-01	7.5239932e-01	2.0000000e+00
5.9818864e-01	6.0148523e-01	5.9850225e-01	6.0017560e-01	6.0701721e-01	6.1356039e-01	6.1715944e-01	6.1965873e-01	6.2332181e-01	6.2775806e-01	1.0308767e-01	1.1497598e-01	1.2389500e-01	1.4048227e-01	1.6001312e-01	1.7475013e-01	1.9097867e-01	1.8940103e-01	1.8044243e-01	1.7273560e-01	2.8025994e-01	2.8353786e-01	2.8923222e-01	2.9155484e-01	3.0323643e-01	3.0639967e-01	3.1308044e-01	3.1869449e-01	3.3062853e-01	3.3168683e-01	7.1810115e-01	7.2057481e-01	7.3101458e-01	7.3565030e-01	7.3939136e-01	7.4223422e-01	7.5013963e-01	7.5448125e-01	7.5643967e-01	7.5656293e-01	2.0000000e+00
1.3391141e-01	1.3196695e-01	1.2595205e-01	1.3201119e-01	1.4513464e-01	1.4413129e-01	1.4005634e-01	1.4344793e-01	1.4946346e-01	1.4614125e-01	5.6916747e-01	5.6571571e-01	5.7746198e-01	5.9317076e-01	6.0775323e-01	6.2589224e-01	6.1816205e-01	6.3425793e-01	6.5869400e-01	6.7072376e-01	6.6837773e-01	6.8941802e-01	7.0702853e-01	7.2703677e-01	7.7697634e-01	8.1853499e-01	8.1774245e-01	8.2157863e-01	8.2440559e-01	8.3012880e-01	2.8431313e-01	2.7548211e-01	2.7489731e-01	2.7379160e-01	2.7347097e-01	2.7537741e-01	2.7259770e-01	2.7415356e-01	2.7247186e-01	2.7906642e-01	3.0000000e+00
2.5276532e-01	2.5643434e-01	2.6385980e-01	2.5780310e-01	2.6286404e-01	2.5624876e-01	2.5114093e-01	2.4409434e-01	2.3232417e-01	2.2747235e-01	6.5270176e-01	6.4404286e-01	6.3620635e-01	6.2829190e-01	6.3605200e-01	6.4304775e-01	6.5453618e-01	6.5514780e-01	6.6260043e-01	6.7997159e-01	7.9852540e-01	7.9703807e-01	7.9672803e-01	8.0707041e-01	8.0757509e-01	8.0861116e-01	8.0900608e-01	8.0786806e-01	8.0455531e-01	8.0267154e-01	1.1663458e-01	1.1387845e-01	1.1399950e-01	1.1487600e-01	1.1256632e-01	1.1265327e-01	1.0391581e-01	1.0179415e-01	1.0504960e-01	1.0156326e-01	3.0000000e+00
3.0118290e-01	3.1086402e-01	3.0776787e-01	3.0643085e-01	2.9943754e-01	2.8640235e-01	2.8233072e-01	2.7568526e-01	2.8069280e-01	2.9126731e-01	5.9037318e-01	6.0244718e-01	6.0552099e-01	5.9222053e-01	5.8169215e-01	5.9226741e-01	5.9713886e-01	5.8899622e-01	5.9448672e-01	6.1457638e-01	7.7697781e-01	7.7628596e-01	7.8202018e-01	7.8997572e-01	7.8962509e-01	7.9268860e-01	7.8613451e-01	7.8019516e-01	7.7988701e-01	7.8440396e-01	1.5773206e-01	1.5593187e-01	1.5824940e-01	1.6799282e-01	1.7415588e-01	1.7418252e-01	1.6968510e-01	1.7168975e-01	1.7062068e-01	1.6937660e-01	3.0000000e+00
2.4626693e-01	2.5237359e-01	2.5246693e-01	2.5575271e-01	2.5023693e-01	2.5218751e-01	2.5491090e-01	2.5720109e-01	2.5756917e-01	2.5321347e-01	5.6444400e-01	5.6053671e-01	5.6968273e-01	5.6111741e-01	5.4556432e-01	5.4360220e-01	5.3445890e-01	5.3439712e-01	5.3606307e-01	5.4022666e-01	7.3447656e-01	7.4816440e-01	7.5960470e-01	7.5881588e-01	7.5541705e-01	7.5091005e-01	7.5063884e-01	7.5128864e-01	7.4714583e-01	7.4688004e-01	2.7146775e-01	2.7974927e-01	2.8328448e-01	2.8465965e-01	2.8388388e-01	2.8208852e-01	2.8650035e-01	2.8563496e-01	2.8099195e-01	2.7806217e-01	3.0000000e+00
1.2800792e-01	1.3353862e-01	1.4874511e-01	1.6644509e-01	1.7938580e-01	1.8772517e-01	2.0931778e-01	2.1564240e-01	2.3159666e-01	2.4954356e-01	5.5365530e-01	5.2553529e-01	5.0882623e-01	4.9310787e-01	4.7208974e-01	4.5903481e-01	4.6092754e-01	4.5925726e-01	4.6385951e-01	4.6944805e-01	7.8713948e-01	7.7445315e-01	7.6706836e-01	7.6408451e-01	7.7474509e-01	7.9224916e-01	7.9359018e-01	8.0045855e-01	8.0094541e-01	8.0237417e-01	2.3308132e-01	2.3124325e-01	2.3249260e-01	2.4804631e-01	2.5388176e-01	2.6373470e-01	2.8247217e-01	2.9520542e-01	3.0382343e-01	3.1107665e-01	3.0000000e+00
1.7204341e-01	1.7192124e-01	1.6807008e-01	1.5710777e-01	1.5593834e-01	1.6036803e-01	1.6246987e-01	1.5302482e-01	1.4460568e-01	1.4002945e-01	5.6578138e-01	5.5886467e-01	5.5966659e-01	5.6529504e-01	5.7041013e-01	5.6671318e-01	5.6633927e-01	5.6732853e-01	5.7782033e-01	5.8443752e-01	6.3798622e-01	6.4786059e-01	6.4625961e-01	6.5100214e-01	6.6845907e-01	6.6891274e-01	6.7609161e-01	6.7334989e-01	6.7321297e-01	6.6624144e-01	1.4955468e-01	1.5228762e-01	1.5325645e-01	1.7141236e-01	1.9479286e-01	2.1127437e-01	2.2257650e-01	2.2742565e-01	2.4159231e-01	2.5745111e-01	3.0000000e+00
1.6626947e-01	1.6482485e-01	1.6848721e-01	1.6641066e-01	1.6138461e-01	1.4449705e-01	1.3678318e-01	1.4317283e-01	1.5536210e-01	1.6014940e-01	7.7943772e-01	8.0011579e-01	8.1290490e-01	8.1660788e-01	8.1883960e-01	8.1106562e-01	8.0756862e-01	7.9405093e-01	7.9273298e-01	7.9788608e-01	7.0506902e-01	7.0655134e-01	7.1855651e-01	7.2930039e-01	7.3578029e-01	7.3691062e-01	7.3390144e-01	7.3073218e-01	7.3703536e-01	7.4970054e-01	1.3510485e-01	1.3747078e-01	1.5200340e-01	1.5965886e-01	1.5796076e-01	1.6107924e-01	1.5514928e-01	1.6360540e-01	1.7383550e-01	1.8156765e-01	3.0000000e+00
1.9916322e-01	2.1527134e-01	2.2784088e-01	2.3671518e-01	2.3499392e-01	2.3488495e-01	2.3349647e-01	2.4003159e-01	2.4116341e-01	2.4330217e-01	7.4951235e-01	7.5794133e-01	7.7275077e-01	7.7991019e-01	7.9217566e-01	8.1357901e-01	8.0803272e-01	8.0845299e-01	8.1219202e-01	8.1965579e-01	7.7644597e-01	7.8617841e-01	7.8080665e-01	7.7225247e-01	7.7423464e-01	7.7226399e-01	7.6861995e-01	7.6606219e-01	7.6355031e-01	7.6570810e-01	3.1551802e-01	3.2136439e-01	3.2181949e-01	3.1115894e-01	3.1345187e-01	3.1844749e-01	3.1672860e-01	3.1453086e-01	3.1160243e-01	3.1120730e-01	3.0000000e+00
1.9965693e-01	2.1892305e-01	2.3726870e-01	2.4555482e-01	2.5435038e-01	2.7204971e-01	2.7594026e-01	2.7678970e-01	2.7391954e-01	2.6378248e-01	5.0243466e-01	5.1140833e-01	5.1288960e-01	4.9897134e-01	4.9672332e-01	4.9316690e-01	4.9255464e-01	5.0526195e-01	5.1250317e-01	5.0835561e-01	7.6117556e-01	7.7185813e-01	7.8087012e-01	7.8370499e-01	7.8011261e-01	7.8119288e-01	7.8118763e-01	7.8543555e-01	7.8946746e-01	7.8740702e-01	3.2224286e-01	3.2778304e-01	3.3465831e-01	3.3295907e-01	3.3559325e-01	3.3796563e-01	3.3645146e-01	3.3477072e-01	3.2820646e-01	3.3537150e-01	3.0000000e+00
1.0494573e-01	1.0666266e-01	1.1550891e-01	1.1862889e-01	1.1839633e-01	1.1967312e-01	1.2413697e-01	1.2080171e-01	1.1298519e-01	1.1153355e-01	6.2916943e-01	6.4868917e-01	6.4985994e-01	6.4392030e-01	6.3365051e-01	6.3203372e-01	6.1980859e-01	6.1725961e-01	6.0854291e-01	6.1397414e-01	8.1156420e-01	8.1180719e-01	8.1095016e-01	8.1050195e-01	8.1367838e-01	8.2078015e-01	8.1683015e-01	8.2105275e-01	8.1635189e-01	8.2117705e-01	1.3004426e-01	1.2693116e-01	1.3043771e-01	1.3449462e-01	1.2623922e-01	1.2052172e-01	1.1718616e-01	1.1355181e-01	1.1147021e-01	1.0763869e-01	3.0000000e+00
1.9836745e-01	1.9973139e-01	2.1131250e-01	2.1996165e-01	2.2858682e-01	2.3880946e-01	2.3595810e-01	2.3705898e-01	2.3127197e-01	2.3553238e-01	5.5694818e-01	5.5388862e-01	5.7398791e-01	5.7709434e-01	5.7181788e-01	5.7627404e-01	5.7451874e-01	5.8215694e-01	5.8771316e-01	5.7709328e-01	7.7732919e-01	7.8247553e-01	7.8937990e-01	7.9670136e-01	7.8837583e-01	7.8112126e-01	7.7868471e-01	7.8546823e-01	7.9491572e-01	8.0218265e-01	3.7144998e-01	3.7350493e-01	3.7324229e-01	3.7864243e-01	3.8015489e-01	3.7378011e-01	3.7029476e-01	3.7151693e-01	3.8181739e-01	3.8719675e-01	3.0000000e+00
3.1811677e-02	4.0090625e-02	4.6681417e-02	5.0434937e-02	5.3939272e-02	5.4220573e-02	5.7949158e-02	6.4791765e-02	7.8174660e-02	8.8465030e-02	4.4793248e-01	4.5815252e-01	4.6526407e-01	4.7741907e-01	4.7236151e-01	4.7038975e-01	4.7218719e-01	4.7532330e-01	4.9586183e-01	4.9841190e-01	6.5557867e-01	6.7205345e-01	6.8408380e-01	6.9000164e-01	6.9357952e-01	7.1482260e-01	7.2142199e-01	7.2406411e-01	7.3410345e-01	7.5795269e-01	0.0000000e+00	4.9464756e-03	1.6264372e-02	2.1728563e-02	2.5912293e-02	2.7797513e-02	3.0137532e-02	2.9879104e-02	3.4050909e-02	4.7009250e-02	3.0000000e+00
2.9405630e-01	2.8302850e-01	2.7474396e-01	2.7974310e-01	2.7906486e-01	2.8792360e-01	2.9821059e-01	2.8932986e-01	2.9847308e-01	3.0226479e-01	5.8144552e-01	5.8704877e-01	5.8695037e-01	6.0076867e-01	6.1581263e-01	6.0649685e-01	6.0187024e-01	5.9903376e-01	5.9299074e-01	5.8290524e-01	8.2210289e-01	8.2107382e-01	8.2111100e-01	8.2436842e-01	8.2802848e-01	8.4596811e-01	8.4582673e-01	8.4242946e-01	8.3818891e-01	8.4354857e-01	2.3282660e-01	2.3619753e-01	2.2612789e-01	2.3046607e-01	2.2957892e-01	2.4257932e-01	2.5604099e-01	2.6193990e-01	2.7389369e-01	2.7936020e-01	3.0000000e+00
3.5188164e-01	3.5257471e-01	3.5402060e-01	3.3126549e-01	3.1414720e-01	2.9925058e-01	2.8340979e-01	2.6985655e-01	2.5578311e-01	2.4022845e-01	5.0987160e-01	5.1596425e-01	5.2707051e-01	5.2041236e-01	5.1250568e-01	5.1888262e-01	5.0833608e-01	5.1664811e-01	5.2767347e-01	5.2858601e-01	7.7460004e-01	7.7116381e-01	7.6964666e-01	7.7229352e-01	7.7040882e-01	7.7232995e-01	7.8348439e-01	7.8272485e-01	7.7993961e-01	7.8298442e-01	1.5262447e-01	1.5280081e-01	1.5201388e-01	1.6108138e-01	1.6258311e-01	1.6552674e-01	1.7217543e-01	1.7065880e-01	1.7339953e-01	1.8641901e-01	3.0000000e+00
3.3110122e-01	3.2615816e-01	3.3037950e-01	3.3282520e-01	3.3907956e-01	3.5279275e-01	3.4567197e-01	3.4416654e-01	3.4301796e-01	3.4027979e-01	6.5521769e-01	6.6319985e-01	6.5750110e-01	6.2959216e-01	6.0419694e-01	6.0419498e-01	5.9857354e-01	5.8932389e-01	6.0143762e-01	6.0563278e-01	8.5472171e-01	8.5743447e-01	8.6162830e-01	8.5707577e-01	8.5182840e-01	8.4936784e-01	8.3957600e-01	8.4060151e-01	8.3739468e-01	8.3879597e-01	2.5302608e-01	2.5436739e-01	2.5730887e-01	2.5914305e-01	2.5236947e-01	2.4440680e-01	2.4127976e-01	2.4073052e-01	2.4095156e-01	2.4196991e-01	3.0000000e+00
7.9224108e-02	1.1363730e-01	1.4125128e-01	1.5979414e-01	1.7245148e-01	2.0248826e-01	2.2194297e-01	2.2590789e-01	2.3505605e-01	2.5106832e-01	6.2894934e-01	6.3718125e-01	6.3874420e-01	6.4330195e-01	6.3364478e-01	6.3156295e-01	6.2237967e-01	6.2342360e-01	6.2116512e-01	6.2138730e-01	7.9375566e-01	8.0791883e-01	8.1289971e-01	8.0961322e-01	8.0108181e-01	8.0988590e-01	8.0333106e-01	8.0075305e-01	8.0685158e-01	8.1077604e-01	2.8265720e-01	2.9179677e-01	2.9681648e-01	2.9790709e-01	2.9925165e-01	2.9977498e-01	2.9906306e-01	2.9314766e-01	2.9262499e-01	2.8502941e-01	3.0000000e+00
1.6362103e-01	1.7314345e-01	1.7417879e-01	1.6514090e-01	1.5575985e-01	1.6594832e-01	1.6826976e-01	1.7817300e-01	1.9000644e-01	2.0316838e-01	8.1903298e-01	8.3046413e-01	8.4321006e-01	8.3861142e-01	8.3134493e-01	8.3627428e-01	8.4487557e-01	8.5163975e-01	8.5820694e-01	8.6154811e-01	8.1546497e-01	8.2314060e-01	8.1857261e-01	8.0339342e-01	7.8234409e-01	7.7853696e-01	7.7264204e-01	7.7502510e-01	7.7733551e-01	7.7147448e-01	1.5203276e-01	1.5013734e-01	1.4022082e-01	1.2263885e-01	1.1212426e-01	9.9430626e-02	9.7510098e-02	9.9270155e-02	1.0259810e-01	9.7243736e-02	3.0000000e+00
4.9025282e-01	4.8918026e-01	4.7508577e-01	4.7348611e-01	4.7100654e-01	4.7415679e-01	4.8306749e-01	4.9422900e-01	5.0753691e-01	5.2360997e-01	5.5430894e-01	5.6666222e-01	5.7315603e-01	5.8510417e-01	6.0088249e-01	6.0523752e-01	5.9526705e-01	5.8582436e-01	5.9857663e-01	6.1220394e-01	8.4546582e-01	8.4787001e-01	8.5028647e-01	8.5924465e-01	8.7633530e-01	8.8489960e-01	8.7917784e-01	8.7479766e-01	8.7816181e-01	8.8297990e-01	9.1844958e-01	9.2134434e-01	9.1807143e-01	9.1595044e-01	9.1848251e-01	9.1185980e-01	8.9338065e-01	8.8751610e-01	8.7987604e-01	8.7054904e-01	4.0000000e+00
7.9053887e-01	7.9364682e-01	7.9662606e-01	8.1524609e-01	8.1293925e-01	8.0861212e-01	8.1313596e-01	8.2374458e-01	7.9421756e-01	8.0673829e-01	5.6466752e-01	5.6288140e-01	5.6676587e-01	5.7161954e-01	5.8045237e-01	5.7062772e-01	5.8131678e-01	5.9410583e-01	5.8700478e-01	5.9752848e-01	9.2335749e-01	9.2278609e-01	9.3502067e-01	9.3638435e-01	9.3835978e-01	9.3999295e-01	9.4550638e-01	9.5319024e-01	9.4308820e-01	9.3706450e-01	6.5215756e-01	6.6113552e-01	6.7315877e-01	6.7173291e-01	6.8382418e-01	6.9441904e-01	7.0132433e-01	7.1125474e-01	7.2305890e-01	7.5144119e-01	4.0000000e+00
5.0346132e-01	5.1549526e-01	5.2083159e-01	5.2463867e-01	5.2263360e-01	5.1620624e-01	5.1281726e-01	5.1486441e-01	5.1402550e-01	5.1345654e-01	5.0417453e-01	5.0353256e-01	5.1623056e-01	5.1327613e-01	5.0227469e-01	4.9561040e-01	4.8080948e-01	4.7101474e-01	4.5129369e-01	4.4584486e-01	8.5100470e-01	8.5204013e-01	8.5642947e-01	8.4147022e-01	8.2847360e-01	8.1895572e-01	8.0159590e-01	7.8834667e-01	7.6981816e-01	7.5894753e-01	8.8618518e-01	8.9185888e-01	8.8621216e-01	8.4832556e-01	8.3081882e-01	8.0241972e-01	7.8782785e-01	7.6728560e-01	7.4426235e-01	7.2216639e-01	4.0000000e+00
5.2774321e-01	5.4083888e-01	5.3662367e-01	5.4459864e-01	5.5942301e-01	5.7591946e-01	5.9617120e-01	6.0995803e-01	6.1516867e-01	6.1747249e-01	4.6142190e-01	4.6935661e-01	4.7502210e-01	4.8125773e-01	4.8014078e-01	4.8592777e-01	4.8826310e-01	4.9248622e-01	4.9634438e-01	5.0157143e-01	7.8723050e-01	7.8660793e-01	7.8851605e-01	7.8936663e-01	8.0438015e-01	8.1694765e-01	8.2717678e-01	8.3168975e-01	8.3076724e-01	8.3495605e-01	8.9670041e-01	8.9887771e-01	8.9919816e-01	8.9707437e-01	9.0331775e-01	9.0969444e-01	9.1442431e-01	9.1633741e-01	9.1838688e-01	9.2243089e-01	4.0000000e+00
6.0284074e-01	6.1465592e-01	6.2246506e-01	6.3009270e-01	6.3963624e-01	6.4688612e-01	6.3208789e-01	6.2387350e-01	6.2170923e-01	6.1643758e-01	5.0410935e-01	5.0103884e-01	4.9158052e-01	4.7298644e-01	4.6336815e-01	4.6077958e-01	4.6338025e-01	4.6626749e-01	4.6742759e-01	4.6536671e-01	8.0600511e-01	8.1197470e-01	8.3017043e-01	8.4301578e-01	8.4132252e-01	8.3920142e-01	8.3296593e-01	8.3029897e-01	8.3018686e-01	8.3174689e-01	6.8741928e-01	6.8198279e-01	6.8084052e-01	6.7725417e-01	6.7375302e-01	6.7219566e-01	6.6704760e-01	6.6042126e-01	6.4949557e-01	6.5638879e-01	4.0000000e+00
6.6930147e-01	6.7047446e-01	6.8178561e-01	6.8399037e-01	6.8505638e-01	6.9118723e-01	7.0087289e-01	7.0953649e-01	7.0729438e-01	7.0382170e-01	5.1593065e-01	5.1403600e-01	5.1492651e-01	5.1805622e-01	5.4104866e-01	5.4306046e-01	5.4234306e-01	5.4824624e-01	5.5829571e-01	5.5689571e-01	8.7992332e-01	8.7256782e-01	8.6849216e-01	8.7706452e-01	8.8287136e-01	8.7885440e-01	8.7670930e-01	8.7736642e-01	8.6900129e-01	8.6964486e-01	6.2518119e-01	6.3289532e-01	6.4267798e-01	6.4259698e-01	6.4776200e-01	6.5432549e-01	6.5605997e-01	6.5701920e-01	6.5006413e-01	6.4966433e-01	4.0000000e+00
4.9755276e-01	5.0192319e-01	4.9838439e-01	5.0018182e-01	5.1269764e-01	5.2671269e-01	5.3225832e-01	5.3172695e-01	5.1995755e-01	5.1620729e-01	4.6677417e-01	4.6875975e-01	4.7827355e-01	4.9473899e-01	5.0424689e-01	5.0863885e-01	5.0373756e-01	5.0271996e-01	4.9378965e-01	4.9377490e-01	7.8511656e-01	7.9769048e-01	8.0587013e-01	8.1502570e-01	8.1539944e-01	8.1289732e-01	7.9823772e-01	8.0014997e-01	7.9368068e-01	7.8283073e-01	6.5117894e-01	6.4996772e-01	6.5495284e-01	6.4417444e-01	6.3713324e-01	6.3712784e-01	6.4927963e-01	6.6063959e-01	6.6433578e-01	6.6356483e-01	4.0000000e+00
5.5533655e-01	5.5393806e-01	5.4042587e-01	5.3711163e-01	5.3497888e-01	5.4408414e-01	5.4818325e-01	5.4808204e-01	5.6364597e-01	5.7268647e-01	4.6694592e-01	4.7363376e-01	4.7879588e-01	4.7825766e-01	4.8527075e-01	4.9800903e-01	5.1070118e-01	5.1848617e-01	5.2798182e-01	5.1305400e-01	7.5671913e-01	7.5473531e-01	7.5182451e-01	7.4612157e-01	7.5723238e-01	7.7856454e-01	7.9399811e-01	8.0049223e-01	7.9795581e-01	7.9810516e-01	6.8616705e-01	6.8824719e-01	6.8706346e-01	6.8648877e-01	6.9325228e-01	7.0347339e-01	7.1596547e-01	7.2169294e-01	7.2345805e-01	7.2313242e-01	4.0000000e+00
5.3558717e-01	5.3193297e-01	5.3059189e-01	5.3446386e-01	5.3624509e-01	5.3816475e-01	5.3784572e-01	5.3062643e-01	5.2670241e-01	5.1684833e-01	4.0416624e-01	4.0473658e-01	4.0621286e-01	4.3467106e-01	4.4614973e-01	4.5340299e-01	4.6107282e-01	4.7413874e-01	4.8360532e-01	4.8596174e-01	7.6708103e-01	7.6731283e-01	7.5978882e-01	7.6612046e-01	7.8064955e-01	7.7782850e-01	7.7240599e-01	7.7793358e-01	7.8590556e-01	7.8812954e-01	7.0074355e-01	6.9773775e-01	6.9429629e-01	6.9834673e-01	7.0605717e-01	7.0685312e-01	7.1100818e-01	7.1240811e-01	7.0780671e-01	6.9790196e-01	4.0000000e+00
4.8756672e-01	5.0774430e-01	5.1610881e-01	5.1829745e-01	5.2927309e-01	5.3258306e-01	5.3237189e-01	5.3582201e-01	5.3910268e-01	5.3459115e-01	5.3006147e-01	5.3649229e-01	5.4192207e-01	5.4934086e-01	5.3849899e-01	5.3129535e-01	5.3711735e-01	5.3701452e-01	5.2497704e-01	5.2327871e-01	7.7978660e-01	7.9613610e-01	8.0924042e-01	8.1385509e-01	8.1334920e-01	8.0735707e-01	8.0709798e-01	8.1922741e-01	8.2494044e-01	8.2348337e-01	8.2462538e-01	8.3528041e-01	8.4629201e-01	8.5531079e-01	8.6017212e-01	8.6974618e-01	8.7885235e-01	8.8279624e-01	8.8182039e-01	8.6531278e-01	4.0000000e+00
5.7042546e-01	5.6814220e-01	5.6785557e-01	5.8068510e-01	5.8488681e-01	5.9346815e-01	6.0023038e-01	6.0514897e-01	6.0726027e-01	6.0324885e-01	4.0862224e-01	4.0448583e-01	3.9553773e-01	4.0692445e-01	4.2064619e-01	4.4235294e-01	4.5282570e-01	4.6000863e-01	4.5257586e-01	4.5072948e-01	7.0430706e-01	7.1032358e-01	7.2134165e-01	7.3791011e-01	7.5313607e-01	7.8184376e-01	7.9412850e-01	8.1128309e-01	8.1930364e-01	8.2466517e-01	5.6735626e-01	5.6769642e-01	5.6847594e-01	5.7185747e-01	5.7471819e-01	5.7394226e-01	5.7647060e-01	5.7956644e-01	5.8576183e-01	5.8900514e-01	4.0000000e+00
4.8557484e-01	4.8867857e-01	4.8190818e-01	4.8817922e-01	4.8723218e-01	4.7908176e-01	4.6692062e-01	4.6173492e-01	4.6619490e-01	4.6462545e-01	4.7514068e-01	4.7970253e-01	4.8687633e-01	4.8625778e-01	4.9012125e-01	4.9662518e-01	4.8826404e-01	4.8261587e-01	4.8274547e-01	4.7143839e-01	7.3568327e-01	7.5540506e-01	7.6975287e-01	7.7406057e-01	7.8043262e-01	7.8588038e-01	7.8557216e-01	7.9299656e-01	8.0563277e-01	8.0056448e-01	7.9046962e-01	7.9362437e-01	8.0388935e-01	8.0796684e-01	8.0804438e-01	8.1070132e-01	8.1176517e-01	8.1243274e-01	8.1622770e-01	8.1678458e-01	4.0000000e+00
5.6366593e-01	5.6385697e-01	5.6777243e-01	5.7159661e-01	5.6237090e-01	5.6590910e-01	5.6386912e-01	5.5683960e-01	5.6262541e-01	5.6508516e-01	6.5484671e-01	6.6152169e-01	6.6687497e-01	6.5934867e-01	6.4902434e-01	6.5321055e-01	6.4958983e-01	6.3067867e-01	6.1352163e-01	5.9743357e-01	9.5575245e-01	9.5851646e-01	9.5863129e-01	9.5794730e-01	9.5330966e-01	9.5370426e-01	9.5175616e-01	9.5372444e-01	9.5327169e-01	9.5196714e-01	7.8868797e-01	7.8977203e-01	7.9716987e-01	8.0412507e-01	8.1501897e-01	8.2778865e-01	8.4116416e-01	8.5146980e-01	8.5856576e-01	8.7252237e-01	4.0000000e+00
8.5421783e-01	8.6559956e-01	8.6676207e-01	8.7512777e-01	8.7385922e-01	8.7369586e-01	8.6900592e-01	8.6660444e-01	8.6609142e-01	8.6555018e-01	5.5636626e-01	5.5324808e-01	5.4776197e-01	5.2811280e-01	5.2997117e-01	5.2959390e-01	5.2382509e-01	5.2451473e-01	5.2567317e-01	5.2663349e-01	9.7977782e-01	9.7843577e-01	9.7483120e-01	9.7156570e-01	9.5546770e-01	9.6572912e-01	9.6922327e-01	9.6927253e-01	9.6081446e-01	9.4985442e-01	6.0582604e-01	6.2392252e-01	6.2101564e-01	6.1707643e-01	6.0586778e-01	6.0074216e-01	5.9298718e-01	5.8637762e-01	5.8500944e-01	5.7980495e-01	4.0000000e+00
6.4448837e-01	6.4121397e-01	6.3966417e-01	6.4069744e-01	6.4191843e-01	6.4665462e-01	6.4404565e-01	6.4749578e-01	6.6021770e-01	6.5765288e-01	5.2516353e-01	5.3309732e-01	5.1842293e-01	5.1486632e-01	5.0961856e-01	5.0608413e-01	4.9948590e-01	4.9985342e-01	4.8694186e-01	4.9024335e-01	8.7165225e-01	8.6917149e-01	8.7058257e-01	8.7680903e-01	8.6722410e-01	8.7018379e-01	8.6825963e-01	8.6048405e-01	8.5017572e-01	8.4622863e-01	7.2630553e-01	7.0905883e-01	7.0445588e-01	7.0889528e-01	7.1422271e-01	7.1932811e-01	7.0041493e-01	6.8370373e-01	6.6239256e-01	6.4482061e-01	4.0000000e+00
6.1141101e-01	6.1233243e-01	6.0268129e-01	5.9396509e-01	5.8817028e-01	5.8641346e-01	5.8319297e-01	5.7610702e-01	5.7930134e-01	5.7200231e-01	6.1373106e-01	6.1236616e-01	6.0479751e-01	5.9937702e-01	6.0150285e-01	6.0144538e-01	5.9350022e-01	5.9099404e-01	5.8917921e-01	6.0202264e-01	9.1523898e-01	9.0964477e-01	9.0057279e-01	9.0437214e-01	9.0094473e-01	9.0096814e-01	8.9809844e-01	9.0292239e-01	9.0201261e-01	9.0560350e-01	9.4180547e-01	9.4304735e-01	9.4330737e-01	9.4609371e-01	9.4397506e-01	9.4250972e-01	9.4166920e-01	9.4458559e-01	9.4436247e-01	9.4072473e-01	4.0000000e+00
6.5504999e-01	6.5354462e-01	6.5447218e-01	6.5820295e-01	6.5739577e-01	6.7442822e-01	6.8076507e-01	6.8552698e-01	6.9174961e-01	6.9160337e-01	4.7322799e-01	4.7309443e-01	4.8466222e-01	4.9435737e-01	5.0922487e-01	5.1880179e-01	5.1206351e-01	5.1462526e-01	5.1294894e-01	5.3002588e-01	8.2792932e-01	8.3305159e-01	8.4437356e-01	8.5271062e-01	8.5842555e-01	8.6151994e-01	8.6632500e-01	8.6900612e-01	8.8189740e-01	8.8072699e-01	7.8787934e-01	7.9207318e-01	7.9025564e-01	8.0069597e-01	8.0905316e-01	8.1485317e-01	8.1468442e-01	8.1525182e-01	8.1645322e-01	8.1338995e-01	4.0000000e+00
6.1518188e-01	6.2220576e-01	6.2051748e-01	6.2520832e-01	6.2897738e-01	6.2929965e-01	6.4395540e-01	6.5942288e-01	6.6983630e-01	6.8824274e-01	5.5353527e-01	5.5716851e-01	5.6345014e-01	5.6221361e-01	5.5655254e-01	5.6103587e-01	5.5797131e-01	5.6375738e-01	5.8108245e-01	5.8784017e-01	8.9904406e-01	9.0246614e-01	9.0059277e-01	8.9434893e-01	8.9508860e-01	8.9752892e-01	9.0275526e-01	9.0767897e-01	9.0998108e-01	9.2647008e-01	6.3312254e-01	6.3104371e-01	6.2988907e-01	6.2639812e-01	6.3491699e-01	6.3674817e-01	6.3002914e-01	6.2263220e-01	6.1448386e-01	6.0055464e-01	4.0000000e+00
6.2844066e-01	6.3113773e-01	6.2849217e-01	6.2979949e-01	6.2947003e-01	6.3250154e-01	6.4499238e-01	6.4318781e-01	6.3697011e-01	6.3617024e-01	5.1524195e-01	5.2253464e-01	5.2814315e-01	5.2931021e-01	5.2804758e-01	5.3829281e-01	5.2247533e-01	5.2025044e-01	5.3121256e-01	5.3793691e-01	9.5454153e-01	9.4997244e-01	9.4986858e-01	9.5250573e-01	9.6126834e-01	9.6543979e-01	9.5970536e-01	9.5562902e-01	9.5347600e-01	9.5003885e-01	6.8120161e-01	6.7285002e-01	6.6717137e-01	6.6556569e-01	6.7239130e-01	6.6752037e-01	6.6470418e-01	6.6040464e-01	6.6187309e-01	6.6398785e-01	4.0000000e+00
6.5127875e-01	6.5033344e-01	6.6233886e-01	6.7675207e-01	6.9234887e-01	7.0186814e-01	7.1144568e-01	7.1592280e-01	7.2791558e-01	7.2379218e-01	5.3698406e-01	5.3331220e-01	5.2920618e-01	5.2337424e-01	5.1962369e-01	5.1574018e-01	5.2642059e-01	5.2396545e-01	5.0353875e-01	4.8554123e-01	8.9460270e-01	8.9992123e-01	9.0812733e-01	9.0831387e-01	9.0867620e-01	9.1239659e-01	9.2222169e-01	9.2872033e-01	9.3721388e-01	9.3574118e-01	6.2293554e-01	6.1086064e-01	5.9911001e-01	6.0303181e-01	6.1007660e-01	6.1259223e-01	6.1046216e-01	6.0535856e-01	6.0051523e-01	5.9136766e-01	4.0000000e+00
6.5016761e-01	6.5073943e-01	6.5340185e-01	6.5972445e-01	6.7304110e-01	6.6700102e-01	6.6484909e-01	6.6651524e-01	6.6681561e-01	6.7125551e-01	9.1950627e-01	9.3419581e-01	9.3085429e-01	9.1996288e-01	9.2417389e-01	9.3509311e-01	9.4423190e-01	9.4879685e-01	9.3202192e-01	9.2675598e-01	9.1169110e-01	9.1015821e-01	9.1323694e-01	9.1494241e-01	9.0796247e-01	9.0281948e-01	9.0114424e-01	9.0307063e-01	8.9871188e-01	9.0127463e-01	9.6470060e-01	9.6365879e-01	9.6121601e-01	9.5921922e-01	9.5772659e-01	9.5300629e-01	9.5344415e-01	9.5178916e-01	9.4830943e-01	9.4821037e-01	5.0000000e+00
5.6650267e-01	5.6620887e-01	5.6248997e-01	5.6449742e-01	5.6235969e-01	5.6827375e-01	5.6720366e-01	5.6208521e-01	5.4407121e-01	5.3732122e-01	8.7016778e-01	8.7477565e-01	8.7430498e-01	8.6398423e-01	8.6429294e-01	8.4948126e-01	8.3445177e-01	8.3579703e-01	8.3823711e-01	8.5049395e-01	6.9634442e-01	6.8513172e-01	7.0364420e-01	6.9804293e-01	6.6310421e-01	6.2698035e-01	6.3976994e-01	6.3200268e-01	6.2369185e-01	6.1716101e-01	9.1207022e-01	9.1363473e-01	9.1699474e-01	9.2721872e-01	9.2432688e-01	9.1869675e-01	9.1868601e-01	9.1414421e-01	9.0965535e-01	9.0620685e-01	5.0000000e+00
5.6138176e-01	5.6167966e-01	5.6252476e-01	5.7219990e-01	5.7344678e-01	5.6852024e-01	5.6775145e-01	5.6697429e-01	5.6313235e-01	5.6218360e-01	6.6141958e-01	6.6413759e-01	6.6413510e-01	6.4608724e-01	6.4703670e-01	6.3664651e-01	6.3819880e-01	6.2919751e-01	6.2686765e-01	6.3649284e-01	8.4245127e-01	8.4755846e-01	8.5257096e-01	8.5553599e-01	8.5498138e-01	8.5582629e-01	8.5832616e-01	8.6270167e-01	8.6969417e-01	8.7552863e-01	8.5185633e-01	8.5507589e-01	8.5700117e-01	8.5894722e-01	8.5890544e-01	8.5886128e-01	8.5901211e-01	8.6199290e-01	8.6449990e-01	8.6726295e-01	5.0000000e+00
6.7566778e-01	6.6600051e-01	6.5864039e-01	6.5769952e-01	6.5255235e-01	6.5470237e-01	6.4914075e-01	6.5159652e-01	6.4898197e-01	6.4105757e-01	7.7258010e-01	7.6000769e-01	7.6298927e-01	7.5777644e-01	7.6543772e-01	7.6443600e-01	7.7051588e-01	7.8220403e-01	7.7238006e-01	7.6411890e-01	8.9988756e-01	9.0205495e-01	9.0657231e-01	9.0325607e-01	9.0543545e-01	8.9650790e-01	8.8558269e-01	8.8163152e-01	8.8349549e-01	8.8369109e-01	9.0613225e-01	9.0892731e-01	9.1295568e-01	9.1378720e-01	9.1478763e-01	9.1787653e-01	9.2009626e-01	9.2561298e-01	9.3277239e-01	9.3886443e-01	5.0000000e+00
6.4089549e-01	6.4901041e-01	6.4736501e-01	6.3875060e-01	6.3735418e-01	6.3776885e-01	6.3309501e-01	6.3179901e-01	6.3917544e-01	6.3223412e-01	8.6454845e-01	8.7754053e-01	8.8980195e-01	9.0916977e-01	9.1336327e-01	9.2590874e-01	9.3377868e-01	9.3748271e-01	9.3248034e-01	9.3508618e-01	8.0095677e-01	8.0608778e-01	8.0831366e-01	8.1324659e-01	8.2165475e-01	8.2755992e-01	8.4413123e-01	8.6631363e-01	8.8001544e-01	8.8889129e-01	8.8085904e-01	8.8446269e-01	8.8623708e-01	8.8786551e-01	8.9365439e-01	8.9995307e-01	9.0275876e-01	9.0867141e-01	9.0881837e-01	9.1139799e-01	5.0000000e+00
6.0839414e-01	6.2285110e-01	6.0534886e-01	5.9493238e-01	5.9522021e-01	5.8816539e-01	5.9617160e-01	6.1300428e-01	6.1288605e-01	6.1460299e-01	7.5982520e-01	7.6958170e-01	7.6038114e-01	7.4011420e-01	7.4392404e-01	7.5255361e-01	7.4103569e-01	7.2553285e-01	7.2734431e-01	7.4407104e-01	8.7241041e-01	8.7448194e-01	8.8127627e-01	8.8578993e-01	8.9522393e-01	8.9434231e-01	9.0338494e-01	9.1129992e-01	9.1659094e-01	9.2545702e-01	8.4876302e-01	8.5212998e-01	8.5192640e-01	8.5604853e-01	8.6166876e-01	8.6613148e-01	8.7140989e-01	8.7828255e-01	8.8267476e-01	8.8738220e-01	5.0000000e+00
5.1269406e-01	5.1476821e-01	5.2671874e-01	5.3183450e-01	5.3146739e-01	5.3407048e-01	5.3273934e-01	5.2246464e-01	5.1045500e-01	5.1936990e-01	6.7233966e-01	6.9555867e-01	7.0286365e-01	6.9621065e-01	6.9660348e-01	6.9514189e-01	6.9270593e-01	6.8370223e-01	6.7929589e-01	6.8590715e-01	8.8254323e-01	8.7831199e-01	8.7605349e-01	8.7828130e-01	8.8085393e-01	8.8079747e-01	8.7911706e-01	8.9094488e-01	8.9994245e-01	9.0718208e-01	8.9973612e-01	9.0103890e-01	9.0121705e-01	9.0383149e-01	9.0756593e-01	9.1186040e-01	9.1298697e-01	9.1795776e-01	9.2799631e-01	9.2972547e-01	5.0000000e+00
5.4613203e-01	5.3150338e-01	5.2276076e-01	5.2538135e-01	5.2782478e-01	5.2342034e-01	5.2053284e-01	5.2219199e-01	5.2498635e-01	5.2491464e-01	7.2523245e-01	7.2776190e-01	7.3358207e-01	7.3410262e-01	7.3776432e-01	7.3732816e-01	7.4135452e-01	7.4986846e-01	7.5677426e-01	7.6784854e-01	8.8893863e-01	9.0115752e-01	9.0478848e-01	9.1131667e-01	9.0180788e-01	8.9500122e-01	8.9597729e-01	8.9540349e-01	8.9722290e-01	8.9566818e-01	9.0924991e-01	9.0681987e-01	9.0661149e-01	9.0819465e-01	9.0517376e-01	9.0286342e-01	9.0159368e-01	8.9803069e-01	8.9962063e-01	8.9999023e-01	5.0000000e+00
5.5653371e-01	5.5140986e-01	5.3731000e-01	5.3563998e-01	5.2375388e-01	5.1396948e-01	5.1939494e-01	5.2238828e-01	5.1453621e-01	5.1188619e-01	6.9360258e-01	7.0154961e-01	6.9490980e-01	7.0013583e-01	7.0667308e-01	7.0290987e-01	7.0620871e-01	7.1670419e-01	7.2282502e-01	7.5023855e-01	8.6252038e-01	8.6955262e-01	8.6878210e-01	8.7092026e-01	8.5995928e-01	8.6216855e-01	8.5386256e-01	8.5305262e-01	8.4990433e-01	8.5879140e-01	8.6978199e-01	8.7233529e-01	8.7596223e-01	8.7539470e-01	8.7397422e-01	8.7412252e-01	8.7451402e-01	8.7611580e-01	8.7711262e-01	8.8306625e-01	5.0000000e+00
5.2576425e-01	5.2224383e-01	5.2812941e-01	5.3730423e-01	5.5054306e-01	5.5897218e-01	5.5835667e-01	5.5450262e-01	5.6039169e-01	5.6134603e-01	8.5596960e-01	8.6416115e-01	8.6491645e-01	8.7051443e-01	8.7518878e-01	8.8053183e-01	8.7999847e-01	8.8312876e-01	8.7981528e-01	8.9183699e-01	9.1162071e-01	9.1562059e-01	9.1662960e-01	9.1570828e-01	9.1823343e-01	9.2872862e-01	9.4074815e-01	9.4872715e-01	9.5449924e-01	9.5185958e-01	9.3801513e-01	9.3770277e-01	9.3527261e-01	9.2938957e-01	9.2674113e-01	9.2647172e-01	9.2988209e-01	9.3196753e-01	9.3193952e-01	9.2977705e-01	5.0000000e+00
5.4562023e-01	5.4122017e-01	5.3677570e-01	5.3122175e-01	5.1991930e-01	5.1036370e-01	5.0204112e-01	5.0352285e-01	5.0308194e-01	5.0583095e-01	7.5071202e-01	7.5008922e-01	7.4495003e-01	7.4805751e-01	7.4842941e-01	7.6592942e-01	7.7045693e-01	7.8309679e-01	7.9573752e-01	7.8724300e-01	8.4244054e-01	8.4711828e-01	8.5307675e-01	8.4845830e-01	8.3724346e-01	8.3644768e-01	8.3001538e-01	8.2894351e-01	8.3301110e-01	8.3326129e-01	8.9522405e-01	9.0329895e-01	9.0707260e-01	9.0663085e-01	9.0367782e-01	9.0650153e-01	9.0573352e-01	9.0550297e-01	9.0664362e-01	9.0687002e-01	5.0000000e+00
6.0095938e-01	6.0286019e-01	6.1220067e-01	6.1465511e-01	6.2145589e-01	6.2596677e-01	6.3294053e-01	6.3489537e-01	6.2743882e-01	6.2782359e-01	8.8254100e-01	8.7635942e-01	9.0290490e-01	9.1608246e-01	9.1550933e-01	9.1894755e-01	9.2541946e-01	9.4448861e-01	9.5503352e-01	9.6944965e-01	8.5659259e-01	8.5436191e-01	8.5146235e-01	8.4999560e-01	8.4479074e-01	8.4341060e-01	8.4237250e-01	8.4529948e-01	8.5111560e-01	8.5669515e-01	9.0133029e-01	9.0256079e-01	9.0179832e-01	9.0329286e-01	9.0215157e-01	8.9806818e-01	9.0134086e-01	8.9707159e-01	8.9280594e-01	8.9248169e-01	5.0000000e+00
6.0928918e-01	5.9906325e-01	5.9635334e-01	6.0182821e-01	6.1222134e-01	6.1019568e-01	6.0892361e-01	6.0914938e-01	6.0355686e-01	6.1334183e-01	8.9664004e-01	9.1119807e-01	9.0169721e-01	8.8750169e-01	8.8291630e-01	8.9116186e-01	8.9723124e-01	9.0038523e-01	8.9729656e-01	9.0841237e-01	8.8771681e-01	8.9806593e-01	9.0998440e-01	9.1368652e-01	9.2049205e-01	9.2333374e-01	9.2881261e-01	9.3497293e-01	9.4551606e-01	9.5218668e-01	9.0725307e-01	9.1205344e-01	9.1591331e-01	9.1247946e-01	9.1616947e-01	9.1770068e-01	9.1979287e-01	9.1993195e-01	9.2375989e-01	9.2626139e-01	5.0000000e+00
5.1476656e-01	5.1492170e-01	5.1082943e-01	5.0266711e-01	4.9982887e-01	4.9842888e-01	4.8742477e-01	4.8205363e-01	4.7255642e-01	4.8035861e-01	7.3664755e-01	7.3361690e-01	7.2804947e-01	7.4111841e-01	7.4972151e-01	7.3937545e-01	7.3131859e-01	7.0118041e-01	6.8620254e-01	6.7394331e-01	8.4637171e-01	8.4911139e-01	8.4628592e-01	8.4307437e-01	8.4062972e-01	8.3523280e-01	8.2557258e-01	8.1834634e-01	8.0748515e-01	8.0026881e-01	8.8167257e-01	8.8384101e-01	8.8882489e-01	8.8992626e-01	8.9390853e-01	8.9581395e-01	8.9319525e-01	8.9073365e-01	8.9373362e-01	8.9438443e-01	5.0000000e+00
5.0863483e-01	5.1658837e-01	5.1806870e-01	5.1899020e-01	5.1784004e-01	5.2197684e-01	5.2690348e-01	5.2594396e-01	5.2653755e-01	5.3009324e-01	8.1284991e-01	8.2494641e-01	8.1473253e-01	8.0466953e-01	8.1425218e-01	8.2086784e-01	8.2629135e-01	8.3333627e-01	8.3803115e-01	8.4530018e-01	8.6523903e-01	8.8031186e-01	8.8828582e-01	9.0116887e-01	9.1761068e-01	9.3324631e-01	9.4718886e-01	9.6708232e-01	9.7493954e-01	9.8911185e-01	9.0096575e-01	9.0820202e-01	9.1395218e-01	9.2034205e-01	9.2706982e-01	9.3574024e-01	9.4121775e-01	9.4418539e-01	9.4984521e-01	9.5742929e-01	5.0000000e+00
7.0214491e-01	7.0476648e-01	6.8946253e-01	6.8961934e-01	6.9305579e-01	6.8350833e-01	6.7629671e-01	6.6892140e-01	6.7430932e-01	6.7238595e-01	9.1919540e-01	9.3183218e-01	9.3924997e-01	9.4172741e-01	9.5656596e-01	9.7641541e-01	9.7937042e-01	9.6477735e-01	9.7861866e-01	9.8757469e-01	8.2278373e-01	8.3552976e-01	8.5143763e-01	8.5153735e-01	8.6221864e-01	8.7720035e-01	8.3837347e-01	7.9868974e-01	8.1310591e-01	7.9509764e-01	9.6427288e-01	9.7106709e-01	9.7876447e-01	9.8055903e-01	9.8524246e-01	9.8922977e-01	9.9228648e-01	9.9147964e-01	9.9636402e-01	1.0000000e+00	5.0000000e+00
4.9488049e-01	5.0722037e-01	5.1865950e-01	5.2704006e-01	5.2894415e-01	5.3937039e-01	5.3325992e-01	5.2534594e-01	5.2242594e-01	5.2310369e-01	6.6725652e-01	6.6071511e-01	6.6030902e-01	6.6815730e-01	6.8358796e-01	6.8779741e-01	7.3396027e-01	7.4185062e-01	7.4059445e-01	7.4321811e-01	8.3400554e-01	8.4532021e-01	8.4688708e-01	8.4490526e-01	8.4503472e-01	8.5384760e-01	8.5622838e-01	8.6064240e-01	8.6377129e-01	8.7029223e-01	9.0733265e-01	9.0933849e-01	9.0659017e-01	9.0581710e-01	9.0965225e-01	9.1746494e-01	9.1978875e-01	9.2036906e-01	9.1916071e-01	9.1701750e-01	5.0000000e+00
6.4856506e-01	6.5519885e-01	6.5893861e-01	6.5773278e-01	6.5510945e-01	6.5371449e-01	6.5753874e-01	6.6102284e-01	6.5127967e-01	6.3731812e-01	8.1328315e-01	8.2339452e-01	8.2649627e-01	8.2043784e-01	8.1179099e-01	8.2781649e-01	8.4323902e-01	8.4468024e-01	8.3864657e-01	8.5371724e-01	9.5446136e-01	9.6277254e-01	9.6346224e-01	9.6377248e-01	9.6283682e-01	9.5976555e-01	9.5603284e-01	9.5215977e-01	9.4919903e-01	9.5161143e-01	9.2663412e-01	9.2926894e-01	9.2995032e-01	9.3065575e-01	9.3245957e-01	9.3286291e-01	9.3431355e-01	9.3510916e-01	9.3497653e-01	9.3349311e-01	5.0000000e+00
6.7412355e-01	6.6311560e-01	6.6548693e-01	6.5443507e-01	6.4668665e-01	6.3133470e-01	6.2649878e-01	6.2794661e-01	6.3388866e-01	6.4085986e-01	8.3564865e-01	8.3811025e-01	8.3416572e-01	8.3521409e-01	8.1595144e-01	8.0812671e-01	8.0288994e-01	7.9086708e-01	7.8121480e-01	7.7413485e-01	9.1599249e-01	9.1323110e-01	9.1725182e-01	9.1780464e-01	9.1765659e-01	9.1457493e-01	9.1667485e-01	9.3139821e-01	9.3383018e-01	9.3380675e-01	9.1454860e-01	9.0906365e-01	9.0692399e-01	9.0427745e-01	8.9760926e-01	8.9072543e-01	8.8949648e-01	8.8794009e-01	8.8535349e-01	8.8451932e-01	5.0000000e+00
6.2143868e-01	6.2225315e-01	6.2337301e-01	6.3125101e-01	6.3891292e-01	6.3583652e-01	6.3916720e-01	6.4336034e-01	6.4142601e-01	6.3361604e-01	9.8768396e-01	9.9595317e-01	9.9853340e-01	1.0000000e+00	9.9697911e-01	9.8230536e-01	9.8675635e-01	9.7714512e-01	9.8494928e-01	9.8669672e-01	8.9917692e-01	9.1376970e-01	9.2932715e-01	9.4039420e-01	9.4970464e-01	9.6452631e-01	9.7174100e-01	9.8680460e-01	9.9216857e-01	1.0000000e+00	9.1466313e-01	9.1735696e-01	9.1910413e-01	9.2116805e-01	9.2374294e-01	9.2594817e-01	9.3024816e-01	9.3662619e-01	9.3930132e-01	9.3976269e-01	5.0000000e+00
8.6840524e-01	8.7346171e-01	8.8453374e-01	8.8389751e-01	8.8501295e-01	8.9146885e-01	8.8818279e-01	8.7658033e-01	8.8269629e-01	8.7895088e-01	7.6362829e-01	7.6697008e-01	7.8531002e-01	7.8054438e-01	7.6362203e-01	7.6499338e-01	7.6452703e-01	7.5944367e-01	7.5991233e-01	7.6448798e-01	5.4118964e-01	5.5461781e-01	5.5234885e-01	5.4448399e-01	5.2772414e-01	5.2592971e-01	5.1554169e-01	5.1493654e-01	5.2474404e-01	5.2228676e-01	4.4233903e-01	4.4494742e-01	4.4886683e-01	4.4529153e-01	4.3739021e-01	4.3566160e-01	4.3797881e-01	4.3442936e-01	4.3539898e-01	4.3797057e-01	6.0000000e+00
9.1295309e-01	9.1287766e-01	9.1033408e-01	9.1288956e-01	9.1298115e-01	9.2626178e-01	9.3170506e-01	9.3332929e-01	9.4047346e-01	9.5109066e-01	6.3705963e-01	6.3917091e-01	6.4563253e-01	6.4906889e-01	6.6559008e-01	6.8351322e-01	6.8768169e-01	6.8635070e-01	6.7654813e-01	6.9745037e-01	4.9595698e-01	4.9472130e-01	4.8762995e-01	4.9180763e-01	4.8466588e-01	4.8850779e-01	4.8616771e-01	4.7840274e-01	5.0315207e-01	5.2175014e-01	8.4263879e-01	8.4130472e-01	8.3920704e-01	8.3973134e-01	8.3927703e-01	8.4981051e-01	8.5366417e-01	8.5149087e-01	8.6743018e-01	8.8287298e-01	6.0000000e+00
8.2060290e-01	8.2708217e-01	8.2890661e-01	8.2813721e-01	8.3505601e-01	8.4971325e-01	8.5870436e-01	8.5812973e-01	8.5792449e-01	8.6150818e-01	5.9676604e-01	6.0244404e-01	6.0425169e-01	6.0605575e-01	6.1409304e-01	6.2157841e-01	6.3370910e-01	6.4337372e-01	6.5317083e-01	6.7192447e-01	2.5568483e-01	2.5111770e-01	2.5615862e-01	2.6076952e-01	2.6614674e-01	2.8909476e-01	3.0022402e-01	3.0332079e-01	2.9855382e-01	2.8851546e-01	3.6602337e-01	3.7222208e-01	3.7324848e-01	3.7524188e-01	3.7418218e-01	3.8269830e-01	4.0001685e-01	3.9853697e-01	4.0385740e-01	4.0746126e-01	6.0000000e+00
9.6612338e-01	9.6297282e-01	9.6546299e-01	9.7130313e-01	9.7766022e-01	9.8267772e-01	9.8367438e-01	9.8710197e-01	9.9358316e-01	1.0000000e+00	4.8039847e-01	4.8253511e-01	4.9014644e-01	4.9922809e-01	5.0537003e-01	5.2421609e-01	5.4189901e-01	5.6567091e-01	5.8330142e-01	5.8352290e-01	5.7255676e-01	5.6385316e-01	5.4532112e-01	4.9834164e-01	5.0334723e-01	4.9057681e-01	4.8654030e-01	4.8262839e-01	4.6889823e-01	4.6468666e-01	7.9690028e-01	7.8901414e-01	8.0653677e-01	8.0090068e-01	8.0511402e-01	8.0851118e-01	8.1018439e-01	8.1545510e-01	8.1949000e-01	8.2299998e-01	6.0000000e+00
9.4612455e-01	9.4633676e-01	9.4850477e-01	9.5026864e-01	9.5094065e-01	9.5389223e-01	9.5857192e-01	9.5567274e-01	9.4861362e-01	9.5016431e-01	6.3330713e-01	6.2527883e-01	6.2470497e-01	6.2003702e-01	6.3050503e-01	6.3896936e-01	6.3141126e-01	6.2496378e-01	6.2635358e-01	6.3819586e-01	4.9065609e-01	4.9537197e-01	4.9938950e-01	4.8122266e-01	4.6980628e-01	4.7032694e-01	4.6556029e-01	4.6223376e-01	4.5203958e-01	4.3913204e-01	5.0251622e-01	5.0261935e-01	5.0334546e-01	5.0846678e-01	5.0616531e-01	5.0494013e-01	5.0363202e-01	5.1562686e-01	5.1258822e-01	5.2071311e-01	6.0000000e+00
7.5464545e-01	7.5713112e-01	7.5988901e-01	7.7138888e-01	7.7997558e-01	7.8370794e-01	7.8879723e-01	7.9431233e-01	7.9798306e-01	8.0765160e-01	4.8543113e-01	5.0693152e-01	5.1383743e-01	5.2266358e-01	5.3415060e-01	5.4614843e-01	5.4383359e-01	5.4359282e-01	5.4542793e-01	5.4853633e-01	2.8136005e-01	2.9647162e-01	3.0444260e-01	3.0063456e-01	3.1332962e-01	3.0843523e-01	3.1087700e-01	3.1421072e-01	3.2177295e-01	3.1800895e-01	3.9441385e-01	3.9407074e-01	3.9317098e-01	3.9688859e-01	4.0242628e-01	4.0003553e-01	4.0602571e-01	4.2112516e-01	4.2610012e-01	4.3176554e-01	6.0000000e+00
8.1914860e-01	8.1912497e-01	8.1966541e-01	8.1180043e-01	8.0663920e-01	8.0630492e-01	8.1208198e-01	8.1906653e-01	8.1019839e-01	8.1683477e-01	5.3494120e-01	5.5718764e-01	5.6637463e-01	5.5672457e-01	5.7092878e-01	5.7339354e-01	5.7217185e-01	5.5909800e-01	5.4703574e-01	5.4318500e-01	3.5346913e-01	3.5537920e-01	3.5640385e-01	3.4657890e-01	3.2371931e-01	3.1719698e-01	3.0896820e-01	3.0606981e-01	2.8955519e-01	2.7891864e-01	4.3574391e-01	4.4617259e-01	4.4908032e-01	4.4246934e-01	4.3289829e-01	4.3173327e-01	4.3653972e-01	4.3927325e-01	4.3567138e-01	4.3637185e-01	6.0000000e+00
9.4246860e-01	9.4655477e-01	9.4874976e-01	9.4947059e-01	9.5412222e-01	9.5880338e-01	9.6248735e-01	9.6718350e-01	9.6667836e-01	9.7214713e-01	4.4199887e-01	4.6827511e-01	4.6890098e-01	4.7800843e-01	4.8858381e-01	4.8840183e-01	4.9847639e-01	5.0401148e-01	4.8797397e-01	4.8327283e-01	3.6352839e-01	3.6067207e-01	3.6476589e-01	3.6199188e-01	3.6136621e-01	3.7719049e-01	3.7243634e-01	3.7688874e-01	3.8855982e-01	4.0831010e-01	8.2763743e-01	8.3486905e-01	8.4335226e-01	8.4234953e-01	8.4625212e-01	8.5412552e-01	8.5568023e-01	8.6141541e-01	8.6062276e-01	8.6570592e-01	6.0000000e+00
8.4167723e-01	8.3690113e-01	8.3538528e-01	8.3656757e-01	8.4283810e-01	8.5137352e-01	8.6914332e-01	8.8132254e-01	8.8662326e-01	8.9329621e-01	5.3011539e-01	5.3405858e-01	5.3195383e-01	5.2580216e-01	5.2106606e-01	5.3820197e-01	5.5040281e-01	5.4954119e-01	5.5349990e-01	5.5106356e-01	4.1716641e-01	4.1867929e-01	4.1514567e-01	4.1871484e-01	4.2134990e-01	4.0377306e-01	4.0220582e-01	4.1458060e-01	4.0539009e-01	3.9397703e-01	6.0763562e-01	5.9757808e-01	5.9278153e-01	5.9080611e-01	5.8313418e-01	5.8640041e-01	5.8875341e-01	5.8924014e-01	5.9553069e-01	6.0051660e-01	6.0000000e+00
5.4070121e-01	5.4305383e-01	5.5625995e-01	5.6256632e-01	5.6809725e-01	5.6843110e-01	5.7685252e-01	5.8114403e-01	5.8704049e-01	5.8616370e-01	4.6247210e-01	4.6402998e-01	4.6634454e-01	4.5667102e-01	4.6322194e-01	4.7387571e-01	4.8554390e-01	4.9487598e-01	5.0493233e-01	5.1567888e-01	3.1838756e-01	3.3047476e-01	3.3211821e-01	3.4593544e-01	3.6704316e-01	3.8051302e-01	4.0208041e-01	4.1198613e-01	4.1545576e-01	4.1380388e-01	2.2963592e-01	2.3499045e-01	2.4740114e-01	2.5370389e-01	2.6177608e-01	2.7308794e-01	2.8933744e-01	3.0330690e-01	3.1477099e-01	3.2027484e-01	6.0000000e+00
8.4673281e-01	8.5527485e-01	8.5789044e-01	8.6322278e-01	8.6089842e-01	8.5752455e-01	8.5567959e-01	8.5430886e-01	8.5161587e-01	8.5397247e-01	7.0908444e-01	7.1538008e-01	7.2759022e-01	7.3422715e-01	7.2494079e-01	7.1123488e-01	6.9548833e-01	6.8606890e-01	6.8551364e-01	6.9093624e-01	4.0833340e-01	4.0613974e-01	4.0529303e-01	4.1085031e-01	4.0951934e-01	4.0330096e-01	3.9750297e-01	3.9397781e-01	3.8455131e-01	3.9044079e-01	4.2254820e-01	4.2837950e-01	4.2449790e-01	4.2681087e-01	4.2570418e-01	4.3680736e-01	4.4284058e-01	4.3943875e-01	4.4693575e-01	4.5530614e-01	6.0000000e+00
8.6440993e-01	8.6191655e-01	8.6632001e-01	8.7130862e-01	8.7931739e-01	8.8720839e-01	8.9245004e-01	8.9223907e-01	8.9916358e-01	9.0808155e-01	5.6583935e-01	5.7876164e-01	5.9463404e-01	6.0783589e-01	6.2202217e-01	6.3449766e-01	6.3762730e-01	6.4571407e-01	6.6716346e-01	6.8091038e-01	3.8120600e-01	3.8004077e-01	3.8529536e-01	3.8237618e-01	3.6512574e-01	3.5646451e-01	3.4879915e-01	3.4399116e-01	3.2879801e-01	3.2583107e-01	5.2430672e-01	5.2302486e-01	5.2707826e-01	5.3200946e-01	5.3760289e-01	5.5567123e-01	5.5765025e-01	5.5344058e-01	5.5706126e-01	5.6179901e-01	6.0000000e+00
7.9524932e-01	8.1185541e-01	8.1342334e-01	8.0515081e-01	8.0142226e-01	7.9454252e-01	7.8953160e-01	7.8521938e-01	7.9067294e-01	7.8788076e-01	7.4166651e-01	7.4705667e-01	7.5759374e-01	7.5266622e-01	7.3829501e-01	7.2628665e-01	7.0072150e-01	7.0789966e-01	7.2338541e-01	7.3436715e-01	2.1519217e-01	2.3509639e-01	2.3486764e-01	2.5068775e-01	2.5696093e-01	2.4196458e-01	2.4987464e-01	2.5002781e-01	2.5019865e-01	2.4676426e-01	3.1940155e-01	3.2361345e-01	3.2360740e-01	3.3554807e-01	3.4142476e-01	3.4679173e-01	3.4599701e-01	3.4867435e-01	3.4496876e-01	3.4096162e-01	6.0000000e+00
7.9932216e-01	7.9795081e-01	8.0952824e-01	8.2966757e-01	8.3735579e-01	8.3396823e-01	8.2594229e-01	8.2861360e-01	8.3406284e-01	8.3538253e-01	6.3298493e-01	6.4558856e-01	6.5375712e-01	6.4983907e-01	6.5687461e-01	6.6358106e-01	6.6170021e-01	6.4585212e-01	6.4274544e-01	6.5500455e-01	3.0744884e-01	3.1745013e-01	3.3232990e-01	3.3591069e-01	3.3228290e-01	3.2822904e-01	3.2222699e-01	3.2010806e-01	3.2372495e-01	3.3500952e-01	3.8623595e-01	3.8093768e-01	3.7367738e-01	3.7498923e-01	3.7836715e-01	3.8216969e-01	3.8075050e-01	3.7930779e-01	3.7979574e-01	3.7543162e-01	6.0000000e+00
8.0384501e-01	8.1408147e-01	8.2073593e-01	8.3470737e-01	8.5084679e-01	8.6406246e-01	8.6581920e-01	8.6169996e-01	8.6332535e-01	8.6962259e-01	7.2018295e-01	7.1592002e-01	7.1267090e-01	7.2544772e-01	7.3304951e-01	7.4542935e-01	7.6102986e-01	7.5524125e-01	7.4465893e-01	7.3683092e-01	4.6407680e-01	4.6558525e-01	4.6358775e-01	4.1868440e-01	3.9524882e-01	3.9445597e-01	3.6039863e-01	3.5555896e-01	3.6687574e-01	3.5897537e-01	3.6625349e-01	3.6840392e-01	3.6955505e-01	3.7949448e-01	4.0026710e-01	4.2126301e-01	4.2514119e-01	4.2033485e-01	4.1573408e-01	4.1462399e-01	6.0000000e+00
7.7067311e-01	7.7375358e-01	7.7848053e-01	7.7974978e-01	7.8526433e-01	7.8306005e-01	7.8672233e-01	7.8343868e-01	7.8750846e-01	7.8391186e-01	6.8565863e-01	7.1429265e-01	7.2499482e-01	7.3158168e-01	7.3934036e-01	7.4834971e-01	7.5223846e-01	7.4817442e-01	7.3818997e-01	7.3950734e-01	5.1196292e-01	5.0996344e-01	5.1022716e-01	5.1535133e-01	5.1670839e-01	5.1429826e-01	5.0982540e-01	4.9544987e-01	4.5726343e-01	4.4214433e-01	2.8195304e-01	2.8370077e-01	2.8083174e-01	2.8125368e-01	2.8865108e-01	2.9412785e-01	2.9746773e-01	2.9107769e-01	2.8977541e-01	2.8823983e-01	6.0000000e+00
8.8042551e-01	8.9283358e-01	9.0001075e-01	9.0751071e-01	9.0733938e-01	9.0680453e-01	9.0805423e-01	9.0322502e-01	8.9642097e-01	8.9566117e-01	8.1131409e-01	8.1679217e-01	8.3097889e-01	8.3625858e-01	8.3996251e-01	8.3671482e-01	8.5817351e-01	8.5329052e-01	8.4830852e-01	8.5827443e-01	4.2626281e-01	4.2380307e-01	4.1970471e-01	4.1338556e-01	4.1247844e-01	4.1877888e-01	4.1045993e-01	4.0765686e-01	4.0991891e-01	4.2778027e-01	5.1718720e-01	5.2616489e-01	5.2613739e-01	5.2554778e-01	5.2485865e-01	5.1883596e-01	5.1829185e-01	5.1243947e-01	5.0926158e-01	5.1271103e-01	6.0000000e+00
8.4196006e-01	8.4545343e-01	8.4272625e-01	8.3762281e-01	8.3730148e-01	8.4067527e-01	8.3663605e-01	8.3243880e-01	8.3035510e-01	8.2381713e-01	7.5377863e-01	7.5944128e-01	7.6569458e-01	7.7895279e-01	7.9658727e-01	7.9722041e-01	8.0567332e-01	8.0075172e-01	7.9544489e-01	7.8646489e-01	4.3420843e-01	4.4850580e-01	4.6394949e-01	4.5892009e-01	4.7347595e-01	4.7678244e-01	4.4699695e-01	4.3516668e-01	4.2969392e-01	4.3006636e-01	3.6380020e-01	3.7886522e-01	3.8776577e-01	3.9604373e-01	3.9812433e-01	4.0050919e-01	4.0106024e-01	3.9062046e-01	3.7910508e-01	3.7154622e-01	6.0000000e+00
8.6990866e-01	8.7095290e-01	8.7083252e-01	8.7041213e-01	8.7772226e-01	8.8744304e-01	8.9533022e-01	8.9967139e-01	9.0020307e-01	9.0934158e-01	7.0237131e-01	7.0703416e-01	6.8586429e-01	6.7476860e-01	6.8433717e-01	6.8606057e-01	6.6080833e-01	6.5583827e-01	6.6167863e-01	6.8216457e-01	4.9953026e-01	4.9541179e-01	4.8797162e-01	4.9367130e-01	5.0439501e-01	5.1463556e-01	5.0805216e-01	4.9479356e-01	4.9315135e-01	5.1860480e-01	7.5254749e-01	7.5747202e-01	7.6135513e-01	7.6900413e-01	7.8315419e-01	7.8560763e-01	7.8363548e-01	7.7658365e-01	7.7380854e-01	7.8338790e-01	6.0000000e+00
8.7962084e-01	8.9080017e-01	8.9970695e-01	9.0567127e-01	9.1671680e-01	9.2538587e-01	9.3368008e-01	9.4028079e-01	9.5024907e-01	9.5198645e-01	7.0372962e-01	7.1667584e-01	7.2334278e-01	7.2643469e-01	7.3559913e-01	7.3971187e-01	7.4680601e-01	7.4094139e-01	7.4954647e-01	7.3570306e-01	5.6736385e-01	5.6904990e-01	5.7747733e-01	5.8610010e-01	5.9827560e-01	6.2130975e-01	6.4308066e-01	6.5061782e-01	6.6072722e-01	6.6482884e-01	4.2767215e-01	4.3442823e-01	4.4792589e-01	4.5413124e-01	4.6003253e-01	4.7710843e-01	4.8681566e-01	4.9802025e-01	5.0627916e-01	5.0771427e-01	7.0000000e+00
9.3723019e-01	9.5004602e-01	9.5417136e-01	9.5955597e-01	9.5889656e-01	9.5032451e-01	9.5074204e-01	9.5387167e-01	9.5059406e-01	9.5273051e-01	6.4265986e-01	6.5143400e-01	6.6311472e-01	6.6213998e-01	6.4952005e-01	6.6212386e-01	6.6018002e-01	6.5557762e-01	6.5693825e-01	6.6407815e-01	6.7284996e-01	6.8353166e-01	7.0015745e-01	7.1574119e-01	7.1917936e-01	7.1301528e-01	7.0074555e-01	6.9822867e-01	6.9829678e-01	7.0748212e-01	5.2767158e-01	5.3225974e-01	5.4202639e-01	5.5375262e-01	5.6009102e-01	5.5483169e-01	5.5067842e-01	5.5120146e-01	5.4969396e-01	5.5439700e-01	7.0000000e+00
9.2188130e-01	9.1922948e-01	9.1260661e-01	9.1072575e-01	9.1138478e-01	9.1450604e-01	9.1886900e-01	9.2072532e-01	9.2135849e-01	9.1631577e-01	6.6160517e-01	6.6267019e-01	6.5774542e-01	6.4204307e-01	6.3992781e-01	6.3856817e-01	6.4954206e-01	6.5075777e-01	6.4498047e-01	6.2932912e-01	6.6173112e-01	6.4374977e-01	6.2593553e-01	6.0866712e-01	6.1365118e-01	6.2271778e-01	6.2857927e-01	6.2900326e-01	6.2330054e-01	6.2033833e-01	5.6016282e-01	5.4609366e-01	5.3121002e-01	5.1610857e-01	5.1279429e-01	5.1610391e-01	5.1964003e-01	5.2086311e-01	5.1392565e-01	5.0973535e-01	7.0000000e+00
8.8327502e-01	8.8374151e-01	8.8638806e-01	8.8268689e-01	8.7824961e-01	8.7239274e-01	8.7952825e-01	8.6893248e-01	8.6204046e-01	8.6436632e-01	8.1801071e-01	8.2439038e-01	8.3229504e-01	8.4167182e-01	8.4514629e-01	8.5185347e-01	8.4432217e-01	8.4841718e-01	8.4214775e-01	8.2994421e-01	7.5104614e-01	7.5637204e-01	7.6952297e-01	7.7209203e-01	7.6499501e-01	7.6225751e-01	7.6045131e-01	7.6779157e-01	7.7472946e-01	7.8702128e-01	4.8683368e-01	4.8552916e-01	4.8976680e-01	4.8684511e-01	4.8086927e-01	4.7111430e-01	4.7662857e-01	4.7979570e-01	4.7679758e-01	4.8600641e-01	7.0000000e+00
8.4556754e-01	8.5378946e-01	8.6590800e-01	8.7388987e-01	8.8947764e-01	8.9517534e-01	8.9433332e-01	8.9007511e-01	8.6980188e-01	8.7644744e-01	6.0889963e-01	6.1057342e-01	6.2071360e-01	6.2136225e-01	6.2851638e-01	6.3867384e-01	6.4505165e-01	6.5499341e-01	6.5242272e-01	6.6552971e-01	6.3856198e-01	6.5006267e-01	6.4520603e-01	6.3017359e-01	6.4098356e-01	6.3678571e-01	6.3685543e-01	6.4922321e-01	6.5885246e-01	6.7155922e-01	3.7023239e-01	3.7181999e-01	3.7311150e-01	3.7113767e-01	3.8408753e-01	3.8585776e-01	3.8478926e-01	3.9260199e-01	3.9759344e-01	4.1532651e-01	7.0000000e+00
8.5575707e-01	8.6382915e-01	8.6284550e-01	8.5352405e-01	8.5675648e-01	8.5754031e-01	8.4984310e-01	8.5077726e-01	8.4553512e-01	8.4161934e-01	6.7194659e-01	6.5733699e-01	6.4681066e-01	6.2262721e-01	6.1130498e-01	6.1419350e-01	6.1228868e-01	6.0446206e-01	5.9579466e-01	5.9495351e-01	6.4769719e-01	6.5153851e-01	6.4698910e-01	6.4063445e-01	6.5357269e-01	6.6583231e-01	6.5848601e-01	6.7414630e-01	6.7733315e-01	6.6510946e-01	4.4228208e-01	4.4969883e-01	4.4167773e-01	4.3640984e-01	4.4058114e-01	4.4638853e-01	4.4403217e-01	4.5577095e-01	4.5700462e-01	4.4941166e-01	7.0000000e+00
9.3395592e-01	9.2789995e-01	9.2903761e-01	9.2802534e-01	9.3195020e-01	9.3449683e-01	9.3949598e-01	9.4408060e-01	9.5194322e-01	9.5265063e-01	6.1294672e-01	6.1909766e-01	6.2939946e-01	6.3098491e-01	6.3259785e-01	6.2453054e-01	6.2014837e-01	6.2062729e-01	6.2777669e-01	6.2371941e-01	6.9388429e-01	7.0022804e-01	7.0336780e-01	7.0817383e-01	7.1097729e-01	7.0043501e-01	7.0278944e-01	7.1652488e-01	7.3144068e-01	7.3920946e-01	4.9269851e-01	5.0305741e-01	5.0891336e-01	5.1206040e-01	5.1280686e-01	5.1340560e-01	5.1339057e-01	5.2100533e-01	5.2793426e-01	5.3126845e-01	7.0000000e+00
8.5096513e-01	8.6150443e-01	8.6830759e-01	8.7373362e-01	8.7017527e-01	8.7823279e-01	8.8556639e-01	8.8699397e-01	8.8125777e-01	8.7847833e-01	5.8849959e-01	5.7785952e-01	5.6497736e-01	5.5690202e-01	5.5776261e-01	5.5487616e-01	5.4875941e-01	5.4763798e-01	5.5325081e-01	5.5740157e-01	6.2253393e-01	6.1798738e-01	6.1403657e-01	6.2819165e-01	6.3244864e-01	6.4220858e-01	6.3553467e-01	6.3531979e-01	6.3065603e-01	6.1985652e-01	3.9371705e-01	3.9304265e-01	3.8568001e-01	3.9573312e-01	3.9958684e-01	4.0568742e-01	4.0248262e-01	4.0711200e-01	4.0892845e-01	4.1023182e-01	7.0000000e+00
7.6430514e-01	7.7106654e-01	7.6970521e-01	7.7484912e-01	7.7504388e-01	7.7565122e-01	7.8574719e-01	7.8860520e-01	7.8300920e-01	7.7411086e-01	4.0562086e-01	4.0594001e-01	4.1189390e-01	4.2390278e-01	4.2725688e-01	4.2871409e-01	4.2421500e-01	4.2774214e-01	4.2713862e-01	4.3153591e-01	5.2705731e-01	5.3710396e-01	5.5174484e-01	5.6246474e-01	5.5021893e-01	5.4028527e-01	5.4461700e-01	5.5802879e-01	5.6369121e-01	5.6971992e-01	3.3873242e-01	3.4733310e-01	3.5210374e-01	3.5838627e-01	3.5184451e-01	3.4827136e-01	3.5204881e-01	3.6046351e-01	3.6178907e-01	3.5664615e-01	7.0000000e+00
8.3801681e-01	8.3990542e-01	8.3764570e-01	8.3870760e-01	8.2906428e-01	8.2413994e-01	8.2699314e-01	8.2254150e-01	8.1438133e-01	8.1742314e-01	7.9595437e-01	7.9071416e-01	7.7762531e-01	7.6895785e-01	7.6443017e-01	7.5898072e-01	7.5845331e-01	7.5624452e-01	7.5786414e-01	7.6717274e-01	5.6355917e-01	5.7001781e-01	5.7779132e-01	5.7754743e-01	5.8230415e-01	5.7754068e-01	5.7931781e-01	5.7223751e-01	5.6105191e-01	5.6685227e-01	4.1026820e-01	4.1185989e-01	4.1958967e-01	4.1779765e-01	4.1925916e-01	4.1467218e-01	4.1515416e-01	4.0804800e-01	4.0482024e-01	4.0730842e-01	7.0000000e+00
9.0729328e-01	9.0579628e-01	9.0513216e-01	9.0196656e-01	9.0160003e-01	8.9284319e-01	8.8743247e-01	8.9372367e-01	9.0462614e-01	9.0964933e-01	5.0100987e-01	4.9408504e-01	4.8835131e-01	4.8197232e-01	4.6819991e-01	4.6118473e-01	4.5994124e-01	4.5966275e-01	4.6451700e-01	4.7957790e-01	7.2345663e-01	7.1368017e-01	7.1162957e-01	7.1963209e-01	7.2101520e-01	7.1421763e-01	7.1256766e-01	7.2061391e-01	7.2631867e-01	7.2178099e-01	4.7078783e-01	4.6694240e-01	4.7078537e-01	4.7187966e-01	4.7533711e-01	4.7463496e-01	4.7815808e-01	4.8397468e-01	4.9103672e-01	4.9912142e-01	7.0000000e+00
7.8210517e-01	7.5958456e-01	7.5696082e-01	7.5238593e-01	7.4585822e-01	7.3581971e-01	7.3521538e-01	7.3593308e-01	7.3477838e-01	7.3363666e-01	7.5049166e-01	7.2036378e-01	7.0370453e-01	6.8054182e-01	6.5799576e-01	6.5305934e-01	6.5589980e-01	6.5328083e-01	6.4994318e-01	6.4757717e-01	5.4293474e-01	4.8360153e-01	4.5733569e-01	4.6175152e-01	4.6114222e-01	4.4233284e-01	4.4188979e-01	4.4781227e-01	4.4937180e-01	4.5019381e-01	3.6848789e-01	3.3117255e-01	3.1893348e-01	3.1836536e-01	3.1878778e-01	3.0616013e-01	3.0058089e-01	3.0274830e-01	3.0701401e-01	3.0581022e-01	7.0000000e+00
8.3758856e-01	8.4474230e-01	8.4755705e-01	8.5290136e-01	8.5856667e-01	8.6523800e-01	8.7255737e-01	8.7187443e-01	8.7567165e-01	8.7074508e-01	7.0509056e-01	7.0796454e-01	7.1021522e-01	7.2011347e-01	7.1742334e-01	7.2972362e-01	7.3710044e-01	7.3913151e-01	7.5083423e-01	7.4576869e-01	7.5723704e-01	7.7137398e-01	7.7161082e-01	7.7590706e-01	7.7744330e-01	7.7988024e-01	7.8831656e-01	7.9917848e-01	8.0639953e-01	7.9742611e-01	4.5415650e-01	4.6016811e-01	4.6072493e-01	4.5389525e-01	4.5449452e-01	4.6080748e-01	4.6631164e-01	4.6463382e-01	4.7129247e-01	4.6149821e-01	7.0000000e+00
8.7587206e-01	8.7289176e-01	8.6233612e-01	8.5528811e-01	8.5729944e-01	8.6078610e-01	8.6053794e-01	8.6124224e-01	8.6327667e-01	8.5918598e-01	8.1376693e-01	8.0397765e-01	7.8817182e-01	7.7606807e-01	7.7378766e-01	7.6853387e-01	7.5793525e-01	7.4961618e-01	7.4648646e-01	7.4713344e-01	6.8102892e-01	6.8814015e-01	6.7481247e-01	6.6358794e-01	6.7057002e-01	6.8630419e-01	6.9781332e-01	7.0887993e-01	7.2522479e-01	7.2905572e-01	4.5769837e-01	4.6120111e-01	4.5668200e-01	4.4667591e-01	4.5395277e-01	4.6680968e-01	4.8332527e-01	4.8430833e-01	4.9241745e-01	5.0103555e-01	7.0000000e+00
7.9583579e-01	7.9621486e-01	8.0947657e-01	8.1169721e-01	8.1286704e-01	8.1414012e-01	8.1604177e-01	8.1977090e-01	8.1318444e-01	8.1659524e-01	5.8232588e-01	5.9109469e-01	5.8928800e-01	6.0231397e-01	6.0911437e-01	6.2189872e-01	6.2298952e-01	6.3298325e-01	6.3080672e-01	6.2703195e-01	5.5490484e-01	5.7109669e-01	5.9181604e-01	5.9906923e-01	6.0539412e-01	6.1726326e-01	6.2141347e-01	6.2062225e-01	6.1670777e-01	6.1697687e-01	3.2170975e-01	3.3898303e-01	3.5090362e-01	3.5797012e-01	3.6493918e-01	3.7156844e-01	3.7110358e-01	3.7605591e-01	3.6786623e-01	3.7104062e-01	7.0000000e+00
8.9120408e-01	8.8809998e-01	8.7562673e-01	8.6779387e-01	8.5673162e-01	8.4935662e-01	8.4048184e-01	8.2932154e-01	8.2690376e-01	8.3200934e-01	7.6974200e-01	7.6462017e-01	7.7371254e-01	7.6445946e-01	7.6100704e-01	7.5233074e-01	7.5083228e-01	7.4773613e-01	7.5259653e-01	7.4450653e-01	7.1893356e-01	7.0427794e-01	6.8856488e-01	6.6635599e-01	6.5677122e-01	6.5153321e-01	6.3478420e-01	6.1034417e-01	5.9886755e-01	6.0022199e-01	5.5630873e-01	5.5592418e-01	5.4234451e-01	5.2753828e-01	5.1437621e-01	5.0878573e-01	4.9873605e-01	4.8754393e-01	4.7644286e-01	4.7098477e-01	7.0000000e+00
8.9689651e-01	9.0704745e-01	9.1555112e-01	9.2227465e-01	9.2464336e-01	9.2729394e-01	9.3176867e-01	9.3445687e-01	9.3581014e-01	9.4147285e-01	6.9582960e-01	6.8565907e-01	6.7974304e-01	6.8996240e-01	7.0176645e-01	7.0591338e-01	7.1841382e-01	7.3016717e-01	7.3821020e-01	7.5154824e-01	7.0767392e-01	7.1685367e-01	7.1998350e-01	7.2841838e-01	7.2962221e-01	7.2948436e-01	7.3644889e-01	7.4563363e-01	7.4898091e-01	7.6210804e-01	5.4928376e-01	5.5346030e-01	5.6031989e-01	5.6740442e-01	5.7028776e-01	5.7302951e-01	5.7227224e-01	5.7370082e-01	5.7393287e-01	5.7288463e-01	7.0000000e+00
7.8714652e-01	7.8717464e-01	7.9375299e-01	7.8727088e-01	7.8675743e-01	7.9458806e-01	7.9764795e-01	8.0743328e-01	8.1429449e-01	8.2981536e-01	6.0557472e-01	6.0822926e-01	6.1088998e-01	6.1166203e-01	6.2788559e-01	6.2531180e-01	6.2506149e-01	6.3100068e-01	6.4514057e-01	6.5532923e-01	5.5678280e-01	5.4615315e-01	5.5758181e-01	5.5258383e-01	5.5574436e-01	5.6337455e-01	5.7462839e-01	5.9917865e-01	6.1714201e-01	6.5838516e-01	3.9055143e-01	3.8771321e-01	3.9822853e-01	3.9269589e-01	3.8766552e-01	3.8990388e-01	4.0044629e-01	4.1684980e-01	4.2779474e-01	4.4947011e-01	7.0000000e+00
8.4363998e-01	8.4615462e-01	8.4030775e-01	8.4156896e-01	8.5654695e-01	8.6557993e-01	8.6968176e-01	8.7316269e-01	8.8865288e-01	8.9599983e-01	7.5820074e-01	7.6639851e-01	7.6394834e-01	7.6335533e-01	7.6204512e-01	7.7189471e-01	7.6893227e-01	7.7531444e-01	7.9817046e-01	8.1184122e-01	6.0903526e-01	6.1915338e-01	6.1439234e-01	6.1854923e-01	6.5312888e-01	6.6018224e-01	6.7402785e-01	6.7717881e-01	6.7711895e-01	6.8187838e-01	4.2888197e-01	4.3820193e-01	4.4265769e-01	4.5084997e-01	4.8026580e-01	4.8245464e-01	4.9194081e-01	4.9457608e-01	4.9650425e-01	5.0314688e-01	7.0000000e+00
2.1873424e-01	2.1322683e-01	2.1219406e-01	2.0364570e-01	1.9210002e-01	1.7943578e-01	1.7275890e-01	1.8306635e-01	1.9014617e-01	2.0082777e-01	0.0000000e+00	9.5326641e-04	5.6300049e-03	3.9654304e-03	1.0553463e-02	1.0507959e-02	1.0859767e-02	1.9701899e-02	3.5511118e-02	3.8159265e-02	5.1110403e-01	5.2353058e-01	5.3407790e-01	5.4848628e-01	5.5290181e-01	5.4922145e-01	5.6218385e-01	5.7887570e-01	5.9127452e-01	6.1617052e-01	5.9647537e-01	5.9987143e-01	6.1219970e-01	6.2265525e-01	6.2700176e-01	6.1752093e-01	6.0946577e-01	6.1571398e-01	6.3181654e-01	6.3769567e-01	8.0000000e+00
2.0314399e-01	2.1058272e-01	2.0779448e-01	2.0660127e-01	2.1699936e-01	2.2013994e-01	2.3060368e-01	2.3505719e-01	2.4343987e-01	2.5828733e-01	3.3553191e-01	3.3737511e-01	3.4127284e-01	3.3254753e-01	3.3355546e-01	3.2408578e-01	3.1235635e-01	3.1981398e-01	3.4020670e-01	3.4689526e-01	8.6628716e-01	8.7023223e-01	8.6571840e-01	8.5761925e-01	8.5235379e-01	8.4815665e-01	8.3845313e-01	8.3413725e-01	8.4270363e-01	8.3790210e-01	6.7981251e-01	6.8117663e-01	6.7492119e-01	6.6943160e-01	6.6910897e-01	6.7332720e-01	6.8081626e-01	6.8863633e-01	6.9467230e-01	6.9531549e-01	8.0000000e+00
2.0803735e-01	2.1023487e-01	2.1018555e-01	2.1780374e-01	2.3025146e-01	2.3432450e-01	2.3860681e-01	2.4727251e-01	2.4235614e-01	2.4169253e-01	4.4143978e-01	4.4460562e-01	4.4252517e-01	4.3530759e-01	4.3705988e-01	4.4535263e-01	4.5889266e-01	4.6893643e-01	4.6456694e-01	4.6224023e-01	8.4406200e-01	8.5356133e-01	8.6454151e-01	8.6696413e-01	8.7035079e-01	8.8199412e-01	8.8141328e-01	8.8641345e-01	8.9122621e-01	8.8755210e-01	7.0193456e-01	6.9970803e-01	7.0068697e-01	7.0014191e-01	6.9824172e-01	6.9385197e-01	6.9210447e-01	6.9606471e-01	6.9370305e-01	6.8993304e-01	8.0000000e+00
2.6408299e-01	2.6032824e-01	2.5501123e-01	2.4387092e-01	2.3742898e-01	2.4237234e-01	2.4437088e-01	2.4462086e-01	2.4464030e-01	2.4932760e-01	2.7231749e-01	2.5669659e-01	2.6568475e-01	2.8105890e-01	2.8405698e-01	2.8293367e-01	2.9521978e-01	3.0846998e-01	3.2225470e-01	3.3705842e-01	7.2200874e-01	7.2219262e-01	7.2768863e-01	7.3766096e-01	7.4599958e-01	7.3767967e-01	7.3782646e-01	7.5428631e-01	7.5433917e-01	7.6255374e-01	6.3524094e-01	6.3234137e-01	6.1771527e-01	6.0658537e-01	6.1572216e-01	6.2577493e-01	6.2751536e-01	6.3372407e-01	6.3468351e-01	6.3769076e-01	8.0000000e+00
2.7356810e-01	2.8595635e-01	2.9102882e-01	2.9014323e-01	2.9233253e-01	2.9584506e-01	3.0574027e-01	3.1423777e-01	3.0590057e-01	3.0885907e-01	3.3348940e-01	3.5610899e-01	3.6352616e-01	3.6667650e-01	3.7560460e-01	3.7216267e-01	3.8120037e-01	3.8543687e-01	3.8273693e-01	3.7505765e-01	8.5457468e-01	8.5402141e-01	8.5637883e-01	8.6040060e-01	8.6298603e-01	8.6437945e-01	8.7126466e-01	8.8062274e-01	8.7413771e-01	8.5903917e-01	6.5522768e-01	6.6480196e-01	6.7027761e-01	6.7815839e-01	6.7786060e-01	6.8190360e-01	6.8613316e-01	7.0189902e-01	7.0880934e-01	7.0867028e-01	8.0000000e+00
2.9501153e-01	3.0051239e-01	2.9549109e-01	2.8567247e-01	2.7677428e-01	2.7131543e-01	2.7339739e-01	2.7425710e-01	2.8640872e-01	2.9551542e-01	3.0322724e-01	3.0318045e-01	3.1091935e-01	3.0906868e-01	3.1528037e-01	3.1868671e-01	3.2507603e-01	3.2941404e-01	3.1856025e-01	3.2235497e-01	7.7721214e-01	7.8338805e-01	7.8956478e-01	7.8383441e-01	7.7418677e-01	7.7231974e-01	7.6710276e-01	7.6890488e-01	7.7888659e-01	7.8188703e-01	5.8741479e-01	5.9889866e-01	6.0114819e-01	5.9217941e-01	5.8457744e-01	5.8990016e-01	5.9188209e-01	5.8761458e-01	5.8975657e-01	5.9188686e-01	8.0000000e+00
2.1970810e-01	2.0713513e-01	1.9690101e-01	1.9344898e-01	1.9202457e-01	1.9800781e-01	1.8967265e-01	1.9268049e-01	1.9243156e-01	1.9907252e-01	5.3966517e-01	5.3789668e-01	5.2572588e-01	5.1946628e-01	5.0608121e-01	4.8834196e-01	4.8671299e-01	4.8023511e-01	4.7313088e-01	4.6331949e-01	8.9182927e-01	8.9199323e-01	8.9426218e-01	8.9228711e-01	8.9635753e-01	8.9424023e-01	8.8376339e-01	8.8543140e-01	8.8072063e-01	8.7308401e-01	7.9618614e-01	7.9556753e-01	7.9400436e-01	7.8933601e-01	7.9294159e-01	7.9366322e-01	7.9159766e-01	7.9257279e-01	7.9105768e-01	7.9063607e-01	8.0000000e+00
2.6538211e-01	2.5866774e-01	2.5755169e-01	2.5811655e-01	2.5770076e-01	2.5652428e-01	2.5321646e-01	2.5083028e-01	2.5920595e-01	2.6269867e-01	3.0237971e-01	3.0176960e-01	3.0451691e-01	3.1437885e-01	3.0923464e-01	2.9711539e-01	2.9485710e-01	3.0587066e-01	3.0714068e-01	3.0718391e-01	8.1039753e-01	8.1626455e-01	8.2420889e-01	8.2517409e-01	8.2676081e-01	8.2137822e-01	8.1708771e-01	8.2324786e-01	8.1608949e-01	8.1381606e-01	8.1598603e-01	8.1462437e-01	8.1632126e-01	8.1513759e-01	8.1306302e-01	8.0863988e-01	8.0984483e-01	8.1490964e-01	8.1853074e-01	8.1181630e-01	8.0000000e+00
2.6982694e-01	2.7907554e-01	2.9202303e-01	2.8749819e-01	2.8995768e-01	2.9027511e-01	2.9758839e-01	3.0112154e-01	3.0621796e-01	3.1356344e-01	3.7417050e-01	3.7480841e-01	3.9113813e-01	3.8493559e-01	3.7863256e-01	3.6637104e-01	3.6711776e-01	3.5974592e-01	3.6809034e-01	3.7013198e-01	7.6934993e-01	7.7523354e-01	7.7638001e-01	7.6857642e-01	7.5956859e-01	7.4994226e-01	7.4312156e-01	7.4144547e-01	7.4693415e-01	7.5016087e-01	5.8572572e-01	5.9386460e-01	6.0855666e-01	6.1628307e-01	6.2663225e-01	6.3342187e-01	6.4031445e-01	6.4455161e-01	6.4739132e-01	6.5747092e-01	8.0000000e+00
1.9183538e-01	1.9499779e-01	2.0989673e-01	2.2389700e-01	2.3362551e-01	2.3861396e-01	2.3777765e-01	2.4446105e-01	2.4266968e-01	2.4516689e-01	2.5184189e-01	2.4562895e-01	2.4125932e-01	2.5721475e-01	2.7322274e-01	2.7896890e-01	2.8836955e-01	2.9183339e-01	2.9227353e-01	2.9223484e-01	7.3759189e-01	7.3509930e-01	7.4267311e-01	7.5778116e-01	7.6142384e-01	7.6271110e-01	7.5956127e-01	7.6577539e-01	7.7386187e-01	7.8932974e-01	5.5774471e-01	5.4238361e-01	5.3577836e-01	5.4219679e-01	5.4733398e-01	5.5576544e-01	5.5895164e-01	5.5718985e-01	5.5148132e-01	5.4940925e-01	8.0000000e+00
1.8737797e-01	1.8771233e-01	1.7954071e-01	1.8534335e-01	1.8797106e-01	1.8752324e-01	1.9422730e-01	2.0342307e-01	2.0883982e-01	2.1273380e-01	3.5742617e-01	3.6388265e-01	3.7399393e-01	3.8401284e-01	3.8453206e-01	3.8287171e-01	3.9256363e-01	4.1209620e-01	4.1935061e-01	4.2450220e-01	7.9556138e-01	7.9523122e-01	7.9295568e-01	7.9007286e-01	7.9327525e-01	7.9161709e-01	7.9293000e-01	7.9138788e-01	7.9333209e-01	7.9077551e-01	7.8260462e-01	7.8406792e-01	7.8336005e-01	7.8466049e-01	7.8430409e-01	7.8548541e-01	7.8591841e-01	7.8699129e-01	7.8970034e-01	7.9450204e-01	8.0000000e+00
1.3567911e-01	1.1849539e-01	1.0601271e-01	9.4807437e-02	9.0518064e-02	8.1504810e-02	6.8577819e-02	5.9410708e-02	5.5787536e-02	5.1008837e-02	1.9671987e-01	1.9900960e-01	2.0332645e-01	2.0257089e-01	2.1491047e-01	2.2359715e-01	2.3928801e-01	2.5382698e-01	2.5697388e-01	2.5278526e-01	6.8192398e-01	6.7261078e-01	6.6836797e-01	6.6299400e-01	6.6892330e-01	6.7190702e-01	6.8582954e-01	6.9967554e-01	7.0224758e-01	7.0554472e-01	4.7654151e-01	4.6946356e-01	4.7353714e-01	4.8184706e-01	4.9481548e-01	5.0276912e-01	5.0758993e-01	5.0659668e-01	5.0830961e-01	5.1092634e-01	8.0000000e+00
1.0613418e-01	1.0758036e-01	1.1536421e-01	1.1293276e-01	1.1469946e-01	1.2197190e-01	1.3784100e-01	1.4362947e-01	1.5653918e-01	1.6793481e-01	2.1157455e-01	2.2184767e-01	2.3236097e-01	2.4308110e-01	2.4952414e-01	2.5608395e-01	2.7664844e-01	2.9789735e-01	3.1888147e-01	3.1913827e-01	7.8204519e-01	7.8992610e-01	7.9503759e-01	8.0235064e-01	8.0183920e-01	8.0336838e-01	8.0820721e-01	8.1927244e-01	8.2757393e-01	8.3535001e-01	5.2453865e-01	5.3052641e-01	5.3304123e-01	5.2961683e-01	5.3822431e-01	5.3330331e-01	5.3552256e-01	5.3852486e-01	5.3707625e-01	5.3281677e-01	8.0000000e+00
1.7853050e-01	1.8025593e-01	1.9069046e-01	1.9109052e-01	1.8268687e-01	1.7985848e-01	1.7671081e-01	1.7622103e-01	1.7822106e-01	1.7865604e-01	2.4101531e-01	2.4289332e-01	2.3952212e-01	2.1481623e-01	2.1794780e-01	2.1775730e-01	2.0991440e-01	1.9432104e-01	2.0103180e-01	2.1305171e-01	7.8595610e-01	7.9084080e-01	8.0059936e-01	7.9064340e-01	7.9112708e-01	7.8889940e-01	7.8149040e-01	7.7241295e-01	7.6356818e-01	7.4800970e-01	5.2616093e-01	5.2409676e-01	5.2822334e-01	5.2295958e-01	5.3839723e-01	5.3320237e-01	5.2447646e-01	5.2372439e-01	5.2622155e-01	5.1751666e-01	8.0000000e+00
1.4634216e-01	1.5991105e-01	1.6353376e-01	1.8003674e-01	1.8633298e-01	1.8730429e-01	1.9789896e-01	2.1277430e-01	2.3274216e-01	2.4010592e-01	1.7874544e-01	1.7879805e-01	1.9110467e-01	1.9492434e-01	2.0358338e-01	2.0229138e-01	2.0813666e-01	2.2302775e-01	2.4090455e-01	2.5928977e-01	7.3723986e-01	7.4020676e-01	7.3850286e-01	7.3997127e-01	7.4581001e-01	7.4487901e-01	7.4429370e-01	7.5247014e-01	7.6093017e-01	7.5351931e-01	5.3747590e-01	5.3886138e-01	5.3357430e-01	5.2086086e-01	4.9759661e-01	4.7564166e-01	4.6380802e-01	4.6467097e-01	4.4743808e-01	4.2887620e-01	8.0000000e+00
3.2651261e-01	3.3221409e-01	3.2749095e-01	3.2383455e-01	3.1445759e-01	3.2274830e-01	3.2114893e-01	3.2320940e-01	3.2984433e-01	3.3867708e-01	2.3601775e-01	2.0552411e-01	1.7534931e-01	1.4302336e-01	1.0721388e-01	8.1209248e-02	6.2564098e-02	5.7798540e-02	5.9243700e-02	7.0045685e-02	7.1441786e-01	6.9367786e-01	6.5704872e-01	6.3417713e-01	6.1084684e-01	6.0256381e-01	5.9101179e-01	5.9198594e-01	5.9473544e-01	6.1403225e-01	5.0210012e-01	4.8495569e-01	4.7030494e-01	4.6050681e-01	4.5133613e-01	4.4363763e-01	4.3761169e-01	4.2927345e-01	4.3382453e-01	4.4025473e-01	8.0000000e+00
2.3501990e-01	2.3604628e-01	2.3068990e-01	2.3491188e-01	2.3906593e-01	2.3487459e-01	2.3071777e-01	2.3152877e-01	2.2565901e-01	2.2391674e-01	4.2750677e-02	6.1640332e-02	6.9448610e-02	7.9018733e-02	8.3285834e-02	9.0290397e-02	1.0325178e-01	1.1285678e-01	1.3313980e-01	1.4770992e-01	6.0572627e-01	6.1721484e-01	6.3882903e-01	6.4805429e-01	6.5057239e-01	6.5499686e-01	6.6462120e-01	6.6493894e-01	6.6715479e-01	6.7844907e-01	4.2988078e-01	4.4064537e-01	4.4777767e-01	4.5859658e-01	4.7737385e-01	4.7449156e-01	4.7170732e-01	4.7156885e-01	4.7997614e-01	5.0310256e-01	8.0000000e+00
1.2307260e-01	1.4389290e-01	1.4468864e-01	1.6261180e-01	1.7825163e-01	1.9353759e-01	2.0169812e-01	2.0914133e-01	2.1579707e-01	2.1393810e-01	2.5995041e-01	2.7830449e-01	2.8649103e-01	2.9640977e-01	3.0726184e-01	3.3695544e-01	3.5488594e-01	3.5845539e-01	3.4510234e-01	3.3587760e-01	7.3562039e-01	7.5197365e-01	7.5449842e-01	7.6389527e-01	7.7933085e-01	8.0047133e-01	8.1828633e-01	8.1840635e-01	8.1394621e-01	8.1012866e-01	7.2424327e-01	7.3597144e-01	7.3670763e-01	7.4553288e-01	7.5612899e-01	7.6576491e-01	7.7446102e-01	7.7352974e-01	7.7566383e-01	7.7245471e-01	8.0000000e+00
1.5998904e-01	1.6074505e-01	1.6562946e-01	1.7392920e-01	1.8408053e-01	1.8548303e-01	1.7950337e-01	1.7505128e-01	1.7858425e-01	1.8140259e-01	2.7724498e-02	3.9761488e-02	5.4638964e-02	6.2634852e-02	6.2115300e-02	7.6988456e-02	9.6421191e-02	1.0823248e-01	1.2244047e-01	1.3200550e-01	5.9464295e-01	6.0056554e-01	6.1700921e-01	6.1458766e-01	6.2300997e-01	6.2565555e-01	6.3583641e-01	6.4698456e-01	6.5453528e-01	6.6389385e-01	4.9063967e-01	5.0321445e-01	5.1904905e-01	5.2664124e-01	5.4445416e-01	5.4704797e-01	5.5468127e-01	5.6071977e-01	5.6587942e-01	5.6766916e-01	8.0000000e+00
