1.4790452e-01	1.5739469e-01	1.6688195e-01	1.7965804e-01	1.7644204e-01	1.8084933e-01	1.8301962e-01	1.8345704e-01	1.8536250e-01	1.8615598e-01	6.3909391e-01	6.5543668e-01	6.5608705e-01	6.5592463e-01	6.5792094e-01	6.6825997e-01	6.6194445e-01	6.6057729e-01	6.6263263e-01	6.6121275e-01	6.3008869e-01	6.1879449e-01	6.2198309e-01	6.1508281e-01	6.1104398e-01	6.2034442e-01	6.3122121e-01	6.3368171e-01	6.2858117e-01	6.2592442e-01	5.6413818e-01	5.6892189e-01	5.6752203e-01	5.6775288e-01	5.6568049e-01	5.6267691e-01	5.5960293e-01	5.6190278e-01	5.6550236e-01	5.5998079e-01	1.0000000e+00
1.1003109e-01	1.1597054e-01	1.2326299e-01	1.2355218e-01	1.2487000e-01	1.2789382e-01	1.2690964e-01	1.2786768e-01	1.3158341e-01	1.5467591e-01	5.9689280e-01	6.0415676e-01	6.1378298e-01	6.3071955e-01	6.3578026e-01	6.3672671e-01	6.3392303e-01	6.3971063e-01	6.4209185e-01	6.7105365e-01	4.6318707e-01	4.6886200e-01	4.8865061e-01	4.8624665e-01	4.6634526e-01	4.6881533e-01	4.6594500e-01	4.5169340e-01	4.5967728e-01	4.7450505e-01	4.4648872e-01	4.5219822e-01	4.5383611e-01	4.6086877e-01	4.4999673e-01	4.4875624e-01	4.4118301e-01	4.4040320e-01	4.4359107e-01	4.5103615e-01	1.0000000e+00
1.7450573e-01	1.8480696e-01	1.9080706e-01	2.0678279e-01	2.2152266e-01	2.2415717e-01	2.3136644e-01	2.3360386e-01	2.3807869e-01	2.3629099e-01	7.1633090e-01	7.3117203e-01	7.3596591e-01	7.4720366e-01	7.3911142e-01	7.2885644e-01	7.2637452e-01	7.3020488e-01	7.1909049e-01	7.1695122e-01	6.7261159e-01	6.8052817e-01	6.9102235e-01	6.8822185e-01	6.7448327e-01	6.6395447e-01	6.5580819e-01	6.4547968e-01	6.3029984e-01	6.2671098e-01	5.6485203e-01	5.5595667e-01	5.5360588e-01	5.5073616e-01	5.3746981e-01	5.2970341e-01	5.1563834e-01	5.0716364e-01	5.0496543e-01	4.9920230e-01	1.0000000e+00
0.0000000e+00	6.3470136e-03	1.2113986e-02	2.1068522e-02	3.5551435e-02	4.9735211e-02	5.6277048e-02	5.5055490e-02	7.0805033e-02	9.1448476e-02	5.9893132e-01	6.0389140e-01	5.9477215e-01	5.8904875e-01	5.8461469e-01	5.8064233e-01	5.7968218e-01	5.7554702e-01	5.6717202e-01	5.6853288e-01	5.1046337e-01	5.2839696e-01	5.3379845e-01	5.4192211e-01	5.4221000e-01	5.3670762e-01	5.2935817e-01	5.3465881e-01	5.4859485e-01	5.5542545e-01	4.8433161e-01	4.9037987e-01	4.9517634e-01	5.0576117e-01	5.1071475e-01	5.2410715e-01	5.2033034e-01	5.2176886e-01	5.3710385e-01	5.4823593e-01	1.0000000e+00
4.3140843e-01	4.2919075e-01	4.4049298e-01	4.4523212e-01	4.4403405e-01	4.4576184e-01	4.4299992e-01	4.4399730e-01	4.6022242e-01	4.7951223e-01	9.2722935e-01	9.1148216e-01	8.9967291e-01	8.8354576e-01	8.7737969e-01	8.7199160e-01	8.6774981e-01	8.7096585e-01	8.7706895e-01	8.8666418e-01	9.0822199e-01	9.1336615e-01	9.1786417e-01	9.2323192e-01	9.1829954e-01	9.1199985e-01	9.1646310e-01	9.2153686e-01	9.2288801e-01	9.2579823e-01	6.6759784e-01	6.6882045e-01	6.7372726e-01	6.7802401e-01	6.7432971e-01	6.6378829e-01	6.6588568e-01	6.6758906e-01	6.7532848e-01	6.8298734e-01	1.0000000e+00
1.5947438e-01	1.4111599e-01	1.2882800e-01	1.2561616e-01	1.2423311e-01	1.2056035e-01	1.1284163e-01	1.0802641e-01	1.0776174e-01	1.0600930e-01	7.5765926e-01	7.4987333e-01	7.2447586e-01	7.1402603e-01	7.0995558e-01	7.1411876e-01	6.9729756e-01	6.7901535e-01	6.6120986e-01	6.4857542e-01	6.9262567e-01	6.7159147e-01	6.5210682e-01	6.5330556e-01	6.5826579e-01	6.5875853e-01	6.6176720e-01	6.5269286e-01	6.6743424e-01	6.9580193e-01	5.9738498e-01	5.9177151e-01	5.8944154e-01	5.9580348e-01	5.9644379e-01	6.0134687e-01	5.9478191e-01	5.8021790e-01	5.7723631e-01	5.7599678e-01	1.0000000e+00
1.0776428e-02	1.2111590e-02	2.6938020e-02	4.6694342e-02	6.1753540e-02	7.0819469e-02	6.4708697e-02	6.6172051e-02	5.8292710e-02	5.8484898e-02	4.7134440e-01	4.7797666e-01	4.7930361e-01	4.9346204e-01	5.0866468e-01	5.1922407e-01	5.2273962e-01	5.1777839e-01	5.2482657e-01	5.3538693e-01	5.2794557e-01	5.3997395e-01	5.6260224e-01	5.6479206e-01	5.7743512e-01	5.8022761e-01	5.8675541e-01	5.8483078e-01	5.8535472e-01	5.8857434e-01	3.9898358e-01	4.0314244e-01	4.0686995e-01	4.1904868e-01	4.2880295e-01	4.3820864e-01	4.3697305e-01	4.3872132e-01	4.4595544e-01	4.4854078e-01	1.0000000e+00
1.3267909e-01	1.2403236e-01	1.1969909e-01	1.1428701e-01	1.1640711e-01	1.2769657e-01	1.4154028e-01	1.5679331e-01	1.7129017e-01	1.8631521e-01	8.2319774e-01	8.1349824e-01	7.9272265e-01	7.8974692e-01	7.9388800e-01	8.0284597e-01	8.0306486e-01	8.0667204e-01	8.1929413e-01	8.2607267e-01	6.8615263e-01	6.7476371e-01	6.5350639e-01	6.4251374e-01	6.3159297e-01	6.4439883e-01	6.5477565e-01	6.6532263e-01	6.6540161e-01	6.7564052e-01	5.7908036e-01	5.7962823e-01	5.7894623e-01	5.7337796e-01	5.6556813e-01	5.6592832e-01	5.7191528e-01	5.8034565e-01	5.8189020e-01	5.8962043e-01	1.0000000e+00
1.5463057e-01	1.4847295e-01	1.6734337e-01	1.6986082e-01	1.7198924e-01	1.7435634e-01	1.8422840e-01	1.9411431e-01	2.0032674e-01	2.0399514e-01	6.7363174e-01	6.7405167e-01	6.9297807e-01	6.9263679e-01	6.9715055e-01	6.9428964e-01	6.9802887e-01	7.0226510e-01	7.0271340e-01	7.0523378e-01	7.2666772e-01	7.1846495e-01	7.1798977e-01	7.0943661e-01	7.1448626e-01	7.2619374e-01	7.3611953e-01	7.4633377e-01	7.4741291e-01	7.4435308e-01	6.0987388e-01	6.1128966e-01	6.1838328e-01	6.1893608e-01	6.1811456e-01	6.1677851e-01	6.1946946e-01	6.2203934e-01	6.1884197e-01	6.1889390e-01	1.0000000e+00
3.0063189e-01	2.8511286e-01	2.5937005e-01	2.4913566e-01	2.4226475e-01	2.3823699e-01	2.3613256e-01	2.4307896e-01	2.4327346e-01	2.1812963e-01	7.0425383e-01	6.9329831e-01	6.8530989e-01	6.7597072e-01	6.8258495e-01	6.7832407e-01	6.7516388e-01	6.8102165e-01	6.7863951e-01	6.6006991e-01	8.0030577e-01	7.8429288e-01	7.7043889e-01	7.5168404e-01	7.2839717e-01	7.2470484e-01	7.2818648e-01	7.2729006e-01	7.2881858e-01	7.2222277e-01	6.4047105e-01	6.3780566e-01	6.3041735e-01	6.1582559e-01	6.0672496e-01	6.0136630e-01	6.0403596e-01	6.0638914e-01	6.0732425e-01	5.9687248e-01	1.0000000e+00
1.6921364e-01	1.7402584e-01	1.7258737e-01	1.7116130e-01	1.7429994e-01	1.8047170e-01	1.8031504e-01	1.7441157e-01	1.6763052e-01	1.7626587e-01	6.6876410e-01	6.6555694e-01	6.6310246e-01	6.7617383e-01	6.8888594e-01	6.9093809e-01	6.9292848e-01	6.6903622e-01	6.6005087e-01	6.6314353e-01	5.8067602e-01	5.8760213e-01	5.8599967e-01	5.7912632e-01	5.9583704e-01	6.0262337e-01	6.0379823e-01	6.1964213e-01	6.3231989e-01	6.2538359e-01	5.2421634e-01	5.3228695e-01	5.2736050e-01	5.1907803e-01	5.2315293e-01	5.2986030e-01	5.2753633e-01	5.2984279e-01	5.2856942e-01	5.2505032e-01	1.0000000e+00
2.0869777e-01	2.1874453e-01	2.2965630e-01	2.3640587e-01	2.4625324e-01	2.5045772e-01	2.6029761e-01	2.6917041e-01	2.7292205e-01	2.7598900e-01	6.3794147e-01	6.4756796e-01	6.5860537e-01	6.6593942e-01	6.6019888e-01	6.6483912e-01	6.6621240e-01	6.7753869e-01	6.8572321e-01	6.8568548e-01	5.3180462e-01	5.3106785e-01	5.3531518e-01	5.2836295e-01	5.4157839e-01	5.4220056e-01	5.5186480e-01	5.5710314e-01	5.6283725e-01	5.6757791e-01	5.3445668e-01	5.3543891e-01	5.3307278e-01	5.2722797e-01	5.2779751e-01	5.2061861e-01	5.3011936e-01	5.3587240e-01	5.4330260e-01	5.4116472e-01	1.0000000e+00
2.2136436e-01	2.2103305e-01	2.1149361e-01	2.0464383e-01	1.9615144e-01	2.0199576e-01	2.0135993e-01	2.0588086e-01	2.2012797e-01	2.1662505e-01	7.2905853e-01	7.2842514e-01	7.1223276e-01	7.0867565e-01	7.0302817e-01	6.9625896e-01	6.9232362e-01	6.9642441e-01	6.9264568e-01	6.9544496e-01	7.2170292e-01	7.2741469e-01	7.2310707e-01	7.1703243e-01	7.2285026e-01	7.2812973e-01	7.2913880e-01	7.2638712e-01	7.2972373e-01	7.2517836e-01	6.0454329e-01	6.0165044e-01	5.9925066e-01	5.9917433e-01	5.9072499e-01	5.8971836e-01	5.9234170e-01	5.9614853e-01	6.0316710e-01	5.9806168e-01	1.0000000e+00
7.4985373e-02	7.9333446e-02	7.9829625e-02	8.3354102e-02	8.8983871e-02	9.7768775e-02	9.9176275e-02	1.0208846e-01	1.2367659e-01	1.3806870e-01	6.8713200e-01	6.8203915e-01	6.8390650e-01	6.8493417e-01	6.9221078e-01	6.9141169e-01	6.9542840e-01	7.0306060e-01	7.3710113e-01	7.5684586e-01	6.2634975e-01	6.3242157e-01	6.4818385e-01	6.4170936e-01	6.3874031e-01	6.3839616e-01	6.4658183e-01	6.5259780e-01	6.6057265e-01	6.8172326e-01	5.5053937e-01	5.5623130e-01	5.6281508e-01	5.5869218e-01	5.5891180e-01	5.6346141e-01	5.6758911e-01	5.7155321e-01	5.7526892e-01	5.8058807e-01	1.0000000e+00
1.8572501e-01	1.8542825e-01	1.7766605e-01	1.8625058e-01	2.1053455e-01	2.1697728e-01	2.2658703e-01	2.3528471e-01	2.3871036e-01	2.4503726e-01	7.4394354e-01	7.3751485e-01	7.3216388e-01	7.4024653e-01	7.5402896e-01	7.6301156e-01	7.6809759e-01	7.6599087e-01	7.6846800e-01	7.7534940e-01	5.3334490e-01	5.2171349e-01	5.2191420e-01	5.4289816e-01	5.7147006e-01	5.7638088e-01	5.8298157e-01	5.7685648e-01	5.8926586e-01	6.0112372e-01	5.3876974e-01	5.4115830e-01	5.4540738e-01	5.4657807e-01	5.6170595e-01	5.5859303e-01	5.6314881e-01	5.5939857e-01	5.6354864e-01	5.6360415e-01	1.0000000e+00
2.9278453e-01	3.1619925e-01	3.2151597e-01	3.3487146e-01	3.4457741e-01	3.6074419e-01	3.7866280e-01	3.8715589e-01	3.8848567e-01	3.7919971e-01	8.0343406e-01	8.1075383e-01	8.2282234e-01	8.1669221e-01	8.1978444e-01	8.2765639e-01	8.3299082e-01	8.3039895e-01	8.3152024e-01	8.3241006e-01	6.7509759e-01	6.8124679e-01	6.9182516e-01	6.9061749e-01	7.0774489e-01	7.1437193e-01	7.2317906e-01	7.1228987e-01	7.1302261e-01	7.0719492e-01	6.3586281e-01	6.4562322e-01	6.4214965e-01	6.3120457e-01	6.3690305e-01	6.3768050e-01	6.4286725e-01	6.4158863e-01	6.3698510e-01	6.3100096e-01	1.0000000e+00
2.5046098e-01	2.5129054e-01	2.4690672e-01	2.6132634e-01	2.7602665e-01	2.8790889e-01	2.9126095e-01	2.8977553e-01	2.9083409e-01	3.0020255e-01	7.1805482e-01	7.1472902e-01	7.1866093e-01	7.2424449e-01	7.2401234e-01	7.2441627e-01	7.3344866e-01	7.3082329e-01	7.2676590e-01	7.2536625e-01	6.4480884e-01	6.4635369e-01	6.4690155e-01	6.6358295e-01	6.7658719e-01	6.8443087e-01	6.9833560e-01	7.1008976e-01	7.0681744e-01	7.0559743e-01	5.5679388e-01	5.5817586e-01	5.5513991e-01	5.6370730e-01	5.8571038e-01	5.9155192e-01	5.9445984e-01	6.0282156e-01	6.0365898e-01	5.9843338e-01	1.0000000e+00
7.5116487e-01	7.6076217e-01	7.7729734e-01	7.7132937e-01	7.6511859e-01	7.6869902e-01	7.7517924e-01	7.7601948e-01	7.8506949e-01	7.8953085e-01	2.3979053e-01	2.5523187e-01	2.8068048e-01	2.8274322e-01	2.9687329e-01	3.1679104e-01	3.3541565e-01	3.4351059e-01	3.4684276e-01	3.5149776e-01	2.2368942e-01	2.3303993e-01	2.3771584e-01	2.4013638e-01	2.4020543e-01	2.4926665e-01	2.6520209e-01	2.7587117e-01	2.9647106e-01	3.0251713e-01	5.3084978e-01	5.3509214e-01	5.3363422e-01	5.3952461e-01	5.3976556e-01	5.4446360e-01	5.5247023e-01	5.5814648e-01	5.6671158e-01	5.7063486e-01	2.0000000e+00
6.3644569e-01	6.3211611e-01	6.3756278e-01	6.4512729e-01	6.5406467e-01	6.4784621e-01	6.5261630e-01	6.5454357e-01	6.6119677e-01	6.6594014e-01	1.9152060e-01	1.8939273e-01	1.9716766e-01	1.9300964e-01	1.9976109e-01	2.0029076e-01	1.9576717e-01	1.9074692e-01	1.9009934e-01	1.8941862e-01	1.8847088e-01	1.9188919e-01	2.0697275e-01	2.1013722e-01	2.2768727e-01	2.2690841e-01	2.3411120e-01	2.3471166e-01	2.3991933e-01	2.5156468e-01	5.9521974e-01	5.9648264e-01	6.0552039e-01	6.0552291e-01	6.1248407e-01	6.1038379e-01	6.1566441e-01	6.1502403e-01	6.2088949e-01	6.2889140e-01	2.0000000e+00
7.5052443e-01	7.4204885e-01	7.4120487e-01	7.3097190e-01	7.1855754e-01	7.1166676e-01	7.0309836e-01	6.9505098e-01	6.8344785e-01	6.7225534e-01	3.0636605e-01	2.9867735e-01	2.8758477e-01	2.7843981e-01	2.6750964e-01	2.5333957e-01	2.3049904e-01	2.1172822e-01	1.9640298e-01	1.8451863e-01	3.2920358e-01	3.1441989e-01	2.9571812e-01	2.7923229e-01	2.6396837e-01	2.5190004e-01	2.2326608e-01	1.8617635e-01	1.6305943e-01	1.4912173e-01	6.7054687e-01	6.6280493e-01	6.5755982e-01	6.5257238e-01	6.4194721e-01	6.3661580e-01	6.2351819e-01	6.0917944e-01	5.9763221e-01	5.9034366e-01	2.0000000e+00
4.2163739e-01	4.2096851e-01	4.2133968e-01	4.2815479e-01	4.3344730e-01	4.5331636e-01	4.6742690e-01	4.6947585e-01	4.7686163e-01	4.8512967e-01	1.1325061e-02	1.6657115e-02	2.4048109e-02	3.6099554e-02	3.6808045e-02	4.0984370e-02	5.4473519e-02	6.4028189e-02	5.7124416e-02	6.0648595e-02	0.0000000e+00	1.7457102e-02	3.6238292e-02	3.5447396e-02	4.0437000e-02	4.8100756e-02	7.9145462e-02	1.1048641e-01	1.4409510e-01	1.7076101e-01	4.7553171e-01	4.8384080e-01	4.9313222e-01	4.9606000e-01	4.9605965e-01	5.0495519e-01	5.2289381e-01	5.3509010e-01	5.5009424e-01	5.6178865e-01	2.0000000e+00
5.9085765e-01	6.0049053e-01	6.0862490e-01	6.1668226e-01	6.2181771e-01	6.2286683e-01	6.2785353e-01	6.5500417e-01	6.6616643e-01	6.6906945e-01	1.9377830e-01	2.0989461e-01	2.1659795e-01	2.2443681e-01	2.3020518e-01	2.2622282e-01	2.3358730e-01	2.5087240e-01	2.6010476e-01	2.6510768e-01	1.5205572e-01	1.6223159e-01	1.5765591e-01	1.6942705e-01	1.7022591e-01	1.5785735e-01	1.8301178e-01	2.3832543e-01	2.5857240e-01	2.5346011e-01	5.6410798e-01	5.7116443e-01	5.7005494e-01	5.7200377e-01	5.7462522e-01	5.7251066e-01	5.8633469e-01	6.1890362e-01	6.3120890e-01	6.3591775e-01	2.0000000e+00
6.7727420e-01	6.7589003e-01	6.7926274e-01	6.7280223e-01	6.6228445e-01	6.6073691e-01	6.5908302e-01	6.5838864e-01	6.5629958e-01	6.5520025e-01	2.3672212e-01	2.4619315e-01	2.5711213e-01	2.4812432e-01	2.4222911e-01	2.4444872e-01	2.5655816e-01	2.5648574e-01	2.6900668e-01	2.8100384e-01	1.2575612e-01	1.3011611e-01	1.3834942e-01	1.4009364e-01	1.3808487e-01	1.4139049e-01	1.5138095e-01	1.7414109e-01	1.8470602e-01	2.0246289e-01	5.3798676e-01	5.3687107e-01	5.4197723e-01	5.4690069e-01	5.4261976e-01	5.4115880e-01	5.4755973e-01	5.6105851e-01	5.6611069e-01	5.7678229e-01	2.0000000e+00
6.4663434e-01	6.5484890e-01	6.5136430e-01	6.5406611e-01	6.5048695e-01	6.4749893e-01	6.4332488e-01	6.2919180e-01	6.1339149e-01	5.9786367e-01	1.5182494e-01	1.5168174e-01	1.5222336e-01	1.6061734e-01	1.6984050e-01	1.7804817e-01	1.8750134e-01	1.9258953e-01	1.8621362e-01	1.6967591e-01	3.3410000e-01	3.4522119e-01	3.3541424e-01	3.2293080e-01	3.0662681e-01	2.9361328e-01	2.7628211e-01	2.6326302e-01	2.5335705e-01	2.4552804e-01	6.5938539e-01	6.6597653e-01	6.6144701e-01	6.6049549e-01	6.5321756e-01	6.5019274e-01	6.4778275e-01	6.3959788e-01	6.3419727e-01	6.2830144e-01	2.0000000e+00
5.3061516e-01	5.4478979e-01	5.5862102e-01	5.5659213e-01	5.6169687e-01	5.5901829e-01	5.6506202e-01	5.6234675e-01	5.6323520e-01	5.6222078e-01	3.3226097e-02	4.5931479e-02	5.9998737e-02	6.5463517e-02	7.4741416e-02	8.5562281e-02	9.4357174e-02	9.9636084e-02	1.0779884e-01	1.2116471e-01	3.5631189e-01	3.5820189e-01	3.6646336e-01	3.6623963e-01	3.6402263e-01	3.7325768e-01	3.7752736e-01	3.5465665e-01	3.5649115e-01	3.6582332e-01	5.9071362e-01	6.0554942e-01	6.1081675e-01	6.1229482e-01	6.1897200e-01	6.2500543e-01	6.3111818e-01	6.1913916e-01	6.2126407e-01	6.2248044e-01	2.0000000e+00
6.0846214e-01	6.0994235e-01	6.1200228e-01	6.0806413e-01	6.1114273e-01	6.0939691e-01	6.1299464e-01	6.1507156e-01	6.1197685e-01	6.0749522e-01	2.0939366e-01	2.0868565e-01	2.0126451e-01	2.0292266e-01	2.1149231e-01	2.0305588e-01	2.0288794e-01	2.1993996e-01	2.2330296e-01	2.2646529e-01	4.0148673e-01	4.0456553e-01	4.1120282e-01	3.9624850e-01	3.9428636e-01	3.8777429e-01	3.9387916e-01	3.9693829e-01	3.9047311e-01	3.7404190e-01	6.8445887e-01	6.8970226e-01	6.9322089e-01	6.8609790e-01	6.8433209e-01	6.7986759e-01	6.8108328e-01	6.8211033e-01	6.7856627e-01	6.7220958e-01	2.0000000e+00
5.1918338e-01	5.1432329e-01	5.2322921e-01	5.3696062e-01	5.4911371e-01	5.5952694e-01	5.7088525e-01	5.7411925e-01	5.8309381e-01	5.9507592e-01	1.0813832e-01	1.0418093e-01	1.2014612e-01	1.3701887e-01	1.5196101e-01	1.6652356e-01	1.7542126e-01	1.8423237e-01	2.0083890e-01	2.1664718e-01	2.6001669e-01	2.3714067e-01	2.3853982e-01	2.5771091e-01	2.7062443e-01	2.6645631e-01	2.7241820e-01	2.6039191e-01	2.6177451e-01	2.5892427e-01	5.9534165e-01	5.8243825e-01	5.8331390e-01	5.9204367e-01	6.0240593e-01	6.0432234e-01	6.1052857e-01	6.0856734e-01	6.1154146e-01	6.1463872e-01	2.0000000e+00
6.7516522e-01	6.6961247e-01	6.8230314e-01	6.8909552e-01	6.8450154e-01	6.8608402e-01	6.9115675e-01	6.8920122e-01	6.9633635e-01	6.9079273e-01	1.7694031e-01	1.6715589e-01	1.7011121e-01	1.6674903e-01	1.6443768e-01	1.7012369e-01	1.8158841e-01	1.8859903e-01	1.9856864e-01	2.0688239e-01	3.5632099e-01	3.5410398e-01	3.7871982e-01	3.8370700e-01	3.7551070e-01	3.8059989e-01	3.9252106e-01	3.9441270e-01	4.0102598e-01	4.0189714e-01	5.8375855e-01	5.8116236e-01	5.9257595e-01	5.9796278e-01	5.9447967e-01	5.9565552e-01	6.0119956e-01	6.0202444e-01	6.0601949e-01	6.0343141e-01	2.0000000e+00
5.5617712e-01	5.5703295e-01	5.6395690e-01	5.7363417e-01	5.8140907e-01	5.8447274e-01	5.8419774e-01	5.8812828e-01	5.9861540e-01	6.0379936e-01	1.6178680e-01	1.6528477e-01	1.7600522e-01	1.8586429e-01	1.9820814e-01	2.0071138e-01	1.9094217e-01	2.0295776e-01	2.2384744e-01	2.4250075e-01	5.4808016e-02	8.9385423e-02	9.6820316e-02	9.9543472e-02	1.3748551e-01	1.5468643e-01	1.6249120e-01	1.6537843e-01	1.7126183e-01	1.7270004e-01	5.5483171e-01	5.6969363e-01	5.7522664e-01	5.8012738e-01	5.9526134e-01	6.0001054e-01	6.0006049e-01	5.9827236e-01	6.0210291e-01	6.0062288e-01	2.0000000e+00
7.4393893e-01	7.5580508e-01	7.6667544e-01	7.7395721e-01	7.8006604e-01	7.7984913e-01	7.8594164e-01	7.8812681e-01	7.8748912e-01	7.8980387e-01	3.3475574e-01	3.4274055e-01	3.5736605e-01	3.6044244e-01	3.5348775e-01	3.4531866e-01	3.4121749e-01	3.2947631e-01	3.3115236e-01	3.3023022e-01	3.2534464e-01	3.2797880e-01	3.4408163e-01	3.6482017e-01	3.6711794e-01	3.8504121e-01	3.9276418e-01	3.8741997e-01	3.7377294e-01	3.6818991e-01	6.5855884e-01	6.6128562e-01	6.6883467e-01	6.7706534e-01	6.7762868e-01	6.8829527e-01	6.8984655e-01	6.9059199e-01	6.8271851e-01	6.8227206e-01	2.0000000e+00
5.7748906e-01	5.8374633e-01	5.8782099e-01	5.9455283e-01	5.9201177e-01	5.7912289e-01	5.5919942e-01	5.5719608e-01	5.7532232e-01	5.7568195e-01	1.0531977e-01	1.1248753e-01	1.2100663e-01	1.2419869e-01	1.1994907e-01	1.1478857e-01	9.6544885e-02	9.3670270e-02	1.2449935e-01	1.3799229e-01	3.6913010e-02	6.4409198e-02	7.2609189e-02	9.8545101e-02	1.1152368e-01	1.0883094e-01	1.1127465e-01	1.3488111e-01	1.7811256e-01	1.8221721e-01	5.4873387e-01	5.6095816e-01	5.6375503e-01	5.7622534e-01	5.7662098e-01	5.7184925e-01	5.6581746e-01	5.7288946e-01	5.8995197e-01	5.9117089e-01	2.0000000e+00
4.8633020e-01	4.8771479e-01	5.0952640e-01	5.1237014e-01	5.1321457e-01	5.1446042e-01	5.3011100e-01	5.3364726e-01	5.4028863e-01	5.3675633e-01	0.0000000e+00	7.9155136e-03	3.3220648e-02	5.6908621e-02	7.3259627e-02	8.7857542e-02	9.9794035e-02	1.1574435e-01	1.2207660e-01	1.2821409e-01	5.7206263e-02	7.4447215e-02	1.0394074e-01	1.1979423e-01	1.5307049e-01	1.7173623e-01	2.0040482e-01	2.2243265e-01	2.3867156e-01	2.5254976e-01	3.9186597e-01	3.9031015e-01	3.9825310e-01	4.0536002e-01	4.1699843e-01	4.2323604e-01	4.3511865e-01	4.4183373e-01	4.5198161e-01	4.6102034e-01	2.0000000e+00
7.3108236e-01	7.4448661e-01	7.5646870e-01	7.5781505e-01	7.6624767e-01	7.6971802e-01	7.6953387e-01	7.7804242e-01	7.8239366e-01	7.8314617e-01	3.8038263e-01	3.8098281e-01	3.8513855e-01	3.9314052e-01	3.9428160e-01	3.9469576e-01	4.0837603e-01	4.1196175e-01	4.1067507e-01	4.1304235e-01	2.2147403e-01	2.5399977e-01	2.4896905e-01	2.3575773e-01	2.3317355e-01	2.3236363e-01	2.2033128e-01	2.3844690e-01	2.3017107e-01	2.2288913e-01	6.5245013e-01	6.6815697e-01	6.6830404e-01	6.6467701e-01	6.6732969e-01	6.6911725e-01	6.6629468e-01	6.7547711e-01	6.7379178e-01	6.6893651e-01	2.0000000e+00
8.1818812e-01	8.2084596e-01	8.2797773e-01	8.3027745e-01	8.2775415e-01	8.1569154e-01	8.1620341e-01	8.1638798e-01	8.1728393e-01	8.1572258e-01	3.7815033e-01	3.8504706e-01	4.0384605e-01	4.0674169e-01	3.9294661e-01	3.8334260e-01	3.7562417e-01	3.8876801e-01	3.8960034e-01	3.8356418e-01	3.1657449e-01	3.4503886e-01	3.8570824e-01	4.0530923e-01	4.0581321e-01	4.0483408e-01	3.9434220e-01	4.1173332e-01	4.1233258e-01	4.0574121e-01	7.1675851e-01	7.2712466e-01	7.4397890e-01	7.4935997e-01	7.4493862e-01	7.4090948e-01	7.3701815e-01	7.4087064e-01	7.3748867e-01	7.3651242e-01	2.0000000e+00
8.4426451e-01	8.5090892e-01	8.5684311e-01	8.5659205e-01	8.5403834e-01	8.5666260e-01	8.6282090e-01	8.7707600e-01	8.8489632e-01	8.8664337e-01	3.9043137e-01	3.9423600e-01	3.9906102e-01	3.9347649e-01	3.8285671e-01	3.8677382e-01	3.9468158e-01	4.2213563e-01	4.2773419e-01	4.2982390e-01	4.3200340e-01	4.4615433e-01	4.6173530e-01	4.4852222e-01	4.3693947e-01	4.4453103e-01	4.6311503e-01	4.7370869e-01	4.9759532e-01	5.2299858e-01	7.2551237e-01	7.3072303e-01	7.3860876e-01	7.3505226e-01	7.3211579e-01	7.3853534e-01	7.4652753e-01	7.5511667e-01	7.6674122e-01	7.7078562e-01	2.0000000e+00
7.5375317e-01	7.6383524e-01	7.7374031e-01	7.7597053e-01	7.7490403e-01	7.7915811e-01	7.8296680e-01	7.8083754e-01	7.7440155e-01	7.6163133e-01	2.6619907e-01	2.7922074e-01	2.9023538e-01	3.0673566e-01	3.1322902e-01	3.1660670e-01	3.1576943e-01	3.1301258e-01	2.9729910e-01	2.7447024e-01	4.4555326e-01	4.4203396e-01	4.6413748e-01	4.8492940e-01	4.8256046e-01	4.6322813e-01	4.6889055e-01	4.6513692e-01	4.4831547e-01	4.2095789e-01	6.6775408e-01	6.6937561e-01	6.7781518e-01	6.8446283e-01	6.7862924e-01	6.7237989e-01	6.7585961e-01	6.7560284e-01	6.6758651e-01	6.5762756e-01	2.0000000e+00
3.5862946e-01	3.6286724e-01	3.6224580e-01	3.7230635e-01	3.7347386e-01	3.7096095e-01	3.6699287e-01	3.5788894e-01	3.4617793e-01	3.3928698e-01	5.8449326e-01	5.9332032e-01	5.9879733e-01	5.8905518e-01	5.7443476e-01	5.8544225e-01	5.8925735e-01	5.9306865e-01	5.8982483e-01	5.9638008e-01	8.1156718e-01	8.1578282e-01	8.2097133e-01	8.2569358e-01	8.3179221e-01	8.3647857e-01	8.4140069e-01	8.4343616e-01	8.3601981e-01	8.3005769e-01	1.6127410e-01	1.6909616e-01	1.7144519e-01	1.7389838e-01	1.7112791e-01	1.6210872e-01	1.6805049e-01	1.6875550e-01	1.6210727e-01	1.3808387e-01	3.0000000e+00
3.3647854e-01	3.4931697e-01	3.4830731e-01	3.5635238e-01	3.6242830e-01	3.6776469e-01	3.7251795e-01	3.7535108e-01	3.7371395e-01	3.6853209e-01	6.6159084e-01	6.8349435e-01	6.8859257e-01	6.8704206e-01	6.9969723e-01	6.9419192e-01	7.0751486e-01	7.0964489e-01	7.1318470e-01	7.1635094e-01	8.3970043e-01	8.3452540e-01	8.1830965e-01	8.0912972e-01	8.1307846e-01	8.0195028e-01	8.0133678e-01	7.9416851e-01	8.0901608e-01	8.2354484e-01	8.3979421e-02	6.5380776e-02	5.4500807e-02	5.1355317e-02	5.0216369e-02	4.5143009e-02	4.6649673e-02	3.5695077e-02	4.1744653e-02	5.6234110e-02	3.0000000e+00
3.8587618e-01	3.8847014e-01	3.9348722e-01	4.0520014e-01	4.1218554e-01	4.1861454e-01	4.2285455e-01	4.3480285e-01	4.4113843e-01	4.3872995e-01	5.6545043e-01	5.7048932e-01	5.7159609e-01	5.6352906e-01	5.6109312e-01	5.5695354e-01	5.5535903e-01	5.5762828e-01	5.5716410e-01	5.6028565e-01	9.2543228e-01	9.3696255e-01	9.2677162e-01	9.1689577e-01	9.1803841e-01	9.1204326e-01	9.1433931e-01	9.1379812e-01	9.2131708e-01	9.2409273e-01	3.2147543e-01	3.1758357e-01	3.0374710e-01	2.8574803e-01	2.7305380e-01	2.7493162e-01	2.7450922e-01	2.7625553e-01	2.8518535e-01	2.8267199e-01	3.0000000e+00
2.7144080e-01	2.7037429e-01	2.7576430e-01	2.8133115e-01	2.8388225e-01	2.8840341e-01	2.8589817e-01	2.8148629e-01	2.7558232e-01	2.7645034e-01	6.4773841e-01	6.5291832e-01	6.6298100e-01	6.6814161e-01	6.7084270e-01	6.7444825e-01	6.7146798e-01	6.7556486e-01	6.7731674e-01	6.8290176e-01	9.3252039e-01	9.4247466e-01	9.4538656e-01	9.5604958e-01	9.6315334e-01	9.5809942e-01	9.4940631e-01	9.4886891e-01	9.4796380e-01	9.5208371e-01	3.1250956e-01	3.1511522e-01	3.0911056e-01	2.9927539e-01	3.0138772e-01	3.0539673e-01	3.0551145e-01	3.0495141e-01	2.9791101e-01	2.9468665e-01	3.0000000e+00
3.3449863e-01	3.4919890e-01	3.5333962e-01	3.6181370e-01	3.7297467e-01	3.7771301e-01	3.7634339e-01	3.7832658e-01	3.8100625e-01	3.8042650e-01	5.3319603e-01	5.3826603e-01	5.3759622e-01	5.3849307e-01	5.4398787e-01	5.6096131e-01	5.6372373e-01	5.5520719e-01	5.5857593e-01	5.5622907e-01	8.5190714e-01	8.6325704e-01	8.6267719e-01	8.5849483e-01	8.6183611e-01	8.6388551e-01	8.6907839e-01	8.7285222e-01	8.7601220e-01	8.7443685e-01	2.6696204e-01	2.7702073e-01	2.8131898e-01	2.8787672e-01	2.8953813e-01	2.9335672e-01	3.0080335e-01	3.0470275e-01	3.0609415e-01	2.9594368e-01	3.0000000e+00
6.0636807e-01	6.0303787e-01	5.9764915e-01	5.9887913e-01	6.1847530e-01	6.2401206e-01	6.2836198e-01	6.3994638e-01	6.4757941e-01	6.5495180e-01	7.0167628e-01	7.1091345e-01	7.1863777e-01	7.2291298e-01	7.4570309e-01	7.5772019e-01	7.6417462e-01	7.5978049e-01	7.6913557e-01	7.8556055e-01	8.1086240e-01	8.2253180e-01	8.2752010e-01	8.2588674e-01	8.4230846e-01	8.4330575e-01	8.4293825e-01	8.4113189e-01	8.3930842e-01	8.4228268e-01	2.3292761e-01	2.3778102e-01	2.4241291e-01	2.5035068e-01	2.5895050e-01	2.5992088e-01	2.6917559e-01	2.7340554e-01	2.7482422e-01	2.7463234e-01	3.0000000e+00
3.1855896e-01	3.1770930e-01	3.2710131e-01	3.3101216e-01	3.4700686e-01	3.4528299e-01	3.3636626e-01	3.2767623e-01	3.2923419e-01	3.2512671e-01	5.7538779e-01	5.7964893e-01	5.9318933e-01	6.1408044e-01	6.2699208e-01	6.2418972e-01	6.1628013e-01	6.1219595e-01	6.1893226e-01	6.2157849e-01	8.9564561e-01	8.9410987e-01	8.8908065e-01	8.9923890e-01	9.1882615e-01	9.3395239e-01	9.1860321e-01	9.1477042e-01	9.1709762e-01	9.1344191e-01	2.1982919e-01	2.2540861e-01	2.3529246e-01	2.3829482e-01	2.4788106e-01	2.4655975e-01	2.2714419e-01	2.2343068e-01	2.1871427e-01	2.1149860e-01	3.0000000e+00
2.2261506e-01	2.3037342e-01	2.3846068e-01	2.3691615e-01	2.4429233e-01	2.5418699e-01	2.4793583e-01	2.5002672e-01	2.6236895e-01	2.7168028e-01	5.1025634e-01	5.1025799e-01	5.1597725e-01	5.2239695e-01	5.3213799e-01	5.2848406e-01	5.4072335e-01	5.5541699e-01	5.6674328e-01	5.7593066e-01	8.3445204e-01	8.3459914e-01	8.3373041e-01	8.3444106e-01	8.3607422e-01	8.4000336e-01	8.3989785e-01	8.3671393e-01	8.2896720e-01	8.3771862e-01	2.6562402e-01	2.7019214e-01	2.7095250e-01	2.7187284e-01	2.6868307e-01	2.7390124e-01	2.7806384e-01	2.8907239e-01	2.9252965e-01	2.9914470e-01	3.0000000e+00
2.7537192e-01	2.8134977e-01	2.8291127e-01	2.8570254e-01	2.8508020e-01	2.9089784e-01	2.9857222e-01	2.9495090e-01	2.9371157e-01	2.9437241e-01	4.7602906e-01	4.8121801e-01	4.9217574e-01	4.9927868e-01	5.0084225e-01	5.1064475e-01	5.1305380e-01	5.0421592e-01	4.9807119e-01	4.8814882e-01	7.6798926e-01	7.7596804e-01	7.8093507e-01	7.8547818e-01	7.9015431e-01	7.8803941e-01	7.8754156e-01	7.8846239e-01	7.8015759e-01	7.8796902e-01	2.2416893e-01	2.1931366e-01	2.2010689e-01	2.2201231e-01	2.1994431e-01	2.2411547e-01	2.3235003e-01	2.3227448e-01	2.3737779e-01	2.4975962e-01	3.0000000e+00
3.6296006e-01	3.7869197e-01	3.8693217e-01	3.9637561e-01	4.1012760e-01	4.1843934e-01	4.2523085e-01	4.2026338e-01	4.0279962e-01	3.9933865e-01	5.2387463e-01	5.3990906e-01	5.6340607e-01	5.6904356e-01	5.6990919e-01	5.7156759e-01	5.8514685e-01	5.9323134e-01	5.8756215e-01	5.8444538e-01	4.9397832e-01	4.9239322e-01	5.0058189e-01	5.0708969e-01	5.1321708e-01	5.2076199e-01	5.2653129e-01	5.2458525e-01	5.2800156e-01	5.3381463e-01	1.7571608e-01	1.8163746e-01	1.9066058e-01	2.0946268e-01	2.2427182e-01	2.2529844e-01	2.3826357e-01	2.3868176e-01	2.3414345e-01	2.4041615e-01	3.0000000e+00
4.6731885e-01	4.6466272e-01	4.7460198e-01	4.7978919e-01	4.7370468e-01	4.7185073e-01	4.6881719e-01	4.7531067e-01	4.7091747e-01	4.7063752e-01	5.2967175e-01	5.1741607e-01	5.0664503e-01	4.9745397e-01	4.9076117e-01	4.8161546e-01	4.9239511e-01	5.0399146e-01	4.9839811e-01	4.9515547e-01	7.7058126e-01	7.6806544e-01	7.6838276e-01	7.6889495e-01	7.6875054e-01	7.7479725e-01	7.7718393e-01	7.8201996e-01	7.9083534e-01	7.9686077e-01	6.9073617e-02	7.0873149e-02	7.2299335e-02	7.6034186e-02	7.1079308e-02	7.9106152e-02	8.4417416e-02	8.8377698e-02	9.4237231e-02	9.5135856e-02	3.0000000e+00
3.9325285e-01	3.9850405e-01	4.0288890e-01	4.0997530e-01	4.2738755e-01	4.4006872e-01	4.4910008e-01	4.5063409e-01	4.4963629e-01	4.5090358e-01	6.8555071e-01	6.8228056e-01	6.8208442e-01	6.7662547e-01	7.0173948e-01	7.1727969e-01	7.1501054e-01	7.1365888e-01	7.2520617e-01	7.3165394e-01	7.5936432e-01	7.6886856e-01	7.7480581e-01	7.9169507e-01	8.0527557e-01	8.1943158e-01	8.2792181e-01	8.3628052e-01	8.4928829e-01	8.6359247e-01	0.0000000e+00	1.3510322e-02	2.1628615e-02	3.0935937e-02	5.4169305e-02	6.3701145e-02	6.2352422e-02	6.8044821e-02	7.7567475e-02	8.6948848e-02	3.0000000e+00
3.9103106e-01	3.9545079e-01	3.7462971e-01	3.6532712e-01	3.6529160e-01	3.6543911e-01	3.5734322e-01	3.5261745e-01	3.4447384e-01	3.2953987e-01	7.0837004e-01	7.0595042e-01	7.0012585e-01	7.0098022e-01	6.9301689e-01	6.9256931e-01	6.9637566e-01	6.8267905e-01	6.8797467e-01	6.8693315e-01	8.6719253e-01	8.6271499e-01	8.7296925e-01	8.7586955e-01	8.7436757e-01	8.6618063e-01	8.5765278e-01	8.4949614e-01	8.4574625e-01	8.4162268e-01	5.6988667e-02	5.9743363e-02	7.7061752e-02	8.8691286e-02	9.6713958e-02	1.0088854e-01	1.0225436e-01	9.7732017e-02	8.5180890e-02	8.1560563e-02	3.0000000e+00
3.8548980e-01	3.8589800e-01	3.8748949e-01	3.8577683e-01	3.7686567e-01	3.8063544e-01	3.8148717e-01	3.8419429e-01	3.8593343e-01	3.8816254e-01	6.2710045e-01	6.3126869e-01	6.2768360e-01	6.4159337e-01	6.5764777e-01	6.6166678e-01	6.5863998e-01	6.6715887e-01	6.6820529e-01	6.7527353e-01	8.5192633e-01	8.5359289e-01	8.5134154e-01	8.5679770e-01	8.6294933e-01	8.6839014e-01	8.6526991e-01	8.5730372e-01	8.5414119e-01	8.4657735e-01	2.0697200e-01	2.0849369e-01	2.2072963e-01	2.1502431e-01	2.1028019e-01	2.1546314e-01	2.2028320e-01	2.1891387e-01	2.2114965e-01	2.1065527e-01	3.0000000e+00
2.6584614e-01	2.6373156e-01	2.5060237e-01	2.4654114e-01	2.5109603e-01	2.5502921e-01	2.5953728e-01	2.7940993e-01	2.9407529e-01	3.0649134e-01	5.3395898e-01	5.4464171e-01	5.5044607e-01	5.6798244e-01	5.6617185e-01	5.6149565e-01	5.6826481e-01	5.6741918e-01	5.9127523e-01	6.0960062e-01	7.7360218e-01	7.8176362e-01	7.8774191e-01	7.9621614e-01	7.9845161e-01	8.0340342e-01	8.1163494e-01	8.2185900e-01	8.4929030e-01	8.6047869e-01	1.2592378e-01	1.2980530e-01	1.3694095e-01	1.4114333e-01	1.4420977e-01	1.5103233e-01	1.5920415e-01	1.5684298e-01	1.6806178e-01	1.7152317e-01	3.0000000e+00
3.7495870e-01	3.9866743e-01	4.0835474e-01	4.1148775e-01	4.1406248e-01	4.1471845e-01	4.1471170e-01	4.0411953e-01	3.9797208e-01	3.8683319e-01	6.0759032e-01	6.1758536e-01	6.2888477e-01	6.2981724e-01	6.3664796e-01	6.2897971e-01	6.3414424e-01	6.4729175e-01	6.6041604e-01	6.5918172e-01	8.9639862e-01	9.3262867e-01	9.4186637e-01	9.5391500e-01	9.6442146e-01	9.6521520e-01	9.6558297e-01	9.6814296e-01	9.6826637e-01	9.6885514e-01	3.6931567e-01	3.9244045e-01	4.1516374e-01	4.3603848e-01	4.5254799e-01	4.6984739e-01	4.7602753e-01	4.7564856e-01	4.6964164e-01	4.6201443e-01	3.0000000e+00
5.4909152e-01	5.5376683e-01	5.5665163e-01	5.5587192e-01	5.6754441e-01	5.7162403e-01	5.6912473e-01	5.7307992e-01	5.8187637e-01	5.7339633e-01	5.2082210e-01	5.1982792e-01	5.2065710e-01	5.1034796e-01	5.0840468e-01	5.1076423e-01	5.1138370e-01	5.1012540e-01	5.0888058e-01	5.0629236e-01	8.7868019e-01	8.8789298e-01	8.9061750e-01	8.8551577e-01	8.8665036e-01	8.7629813e-01	8.7813295e-01	8.7034835e-01	8.6783576e-01	8.6492342e-01	5.2491075e-01	5.4271265e-01	5.5793567e-01	5.5562193e-01	5.3855499e-01	5.2997530e-01	5.3262190e-01	5.2997448e-01	5.3178609e-01	5.3249437e-01	4.0000000e+00
5.6495113e-01	5.6425524e-01	5.6029340e-01	5.6720740e-01	5.6930510e-01	5.7338904e-01	5.7891296e-01	5.7819495e-01	5.8096026e-01	5.7993935e-01	4.9276803e-01	4.9128742e-01	5.0330411e-01	5.2730442e-01	5.2194554e-01	5.1520887e-01	5.3152160e-01	5.4587069e-01	5.5331665e-01	5.5557123e-01	7.6718024e-01	7.6783669e-01	7.6772330e-01	7.7787023e-01	7.9841146e-01	8.2414520e-01	8.4048801e-01	8.6994737e-01	8.8484695e-01	8.9321317e-01	4.7777206e-01	4.8475468e-01	4.9775057e-01	5.1349247e-01	5.2517732e-01	5.3132774e-01	5.3450530e-01	5.4380348e-01	5.4514794e-01	5.5149382e-01	4.0000000e+00
6.0177872e-01	6.1021686e-01	6.0311861e-01	6.0671989e-01	6.0590678e-01	6.0315110e-01	6.0963013e-01	6.1521075e-01	6.2769021e-01	6.2230284e-01	4.3053503e-01	4.4586871e-01	4.3312399e-01	4.1620965e-01	4.0972181e-01	4.1304797e-01	4.0931426e-01	4.0419061e-01	4.1456459e-01	4.2128375e-01	7.0610045e-01	7.2108732e-01	7.1073589e-01	6.9615091e-01	6.8635571e-01	6.8526099e-01	6.8433864e-01	6.9851492e-01	7.1078703e-01	7.1889463e-01	3.9462325e-01	4.0797625e-01	4.0205185e-01	4.1576520e-01	4.2099020e-01	4.2560902e-01	4.3133103e-01	4.4298091e-01	4.5709163e-01	4.5851490e-01	4.0000000e+00
5.8462020e-01	5.7846271e-01	5.7550308e-01	5.7863755e-01	5.8474955e-01	5.8734201e-01	5.7940376e-01	5.7549831e-01	5.7436119e-01	5.8380832e-01	4.7840837e-01	4.8011402e-01	4.8685603e-01	4.8696979e-01	4.8326987e-01	4.7464960e-01	4.7100535e-01	4.6032417e-01	4.5789779e-01	4.6941873e-01	8.1960223e-01	8.0712403e-01	8.0940454e-01	8.0281355e-01	7.9161704e-01	7.8122186e-01	7.7520586e-01	7.6014652e-01	7.5362529e-01	7.6250942e-01	5.1014478e-01	5.1475213e-01	5.1712106e-01	5.1783876e-01	5.1731599e-01	5.1343926e-01	5.1199578e-01	5.0310231e-01	4.9783708e-01	4.8347483e-01	4.0000000e+00
4.4368780e-01	4.3897026e-01	4.3803957e-01	4.3553174e-01	4.4671214e-01	4.6270214e-01	4.7214940e-01	4.7539380e-01	4.7532290e-01	4.7475673e-01	4.6861568e-01	4.7562815e-01	4.9026871e-01	4.8553085e-01	4.9066315e-01	4.9675527e-01	5.0508106e-01	5.0858138e-01	5.1861065e-01	5.2252032e-01	6.8502553e-01	6.7998827e-01	6.8622737e-01	6.8253256e-01	7.1108851e-01	7.1149259e-01	7.1230493e-01	7.2133476e-01	7.3560522e-01	7.5249199e-01	5.6483979e-01	5.6415914e-01	5.7483746e-01	5.8412793e-01	5.8959610e-01	6.0137301e-01	6.0925144e-01	6.1922342e-01	6.2320427e-01	6.4110907e-01	4.0000000e+00
6.3415987e-01	6.3534518e-01	6.2321042e-01	6.2760318e-01	6.3747384e-01	6.3228063e-01	6.2819579e-01	6.3471469e-01	6.3886775e-01	6.4592771e-01	5.6885083e-01	5.6979055e-01	5.7421937e-01	5.8225338e-01	5.7881986e-01	5.7756689e-01	5.8682325e-01	5.8325756e-01	5.7452173e-01	5.7218599e-01	9.0025311e-01	9.0231467e-01	9.0694520e-01	9.2261907e-01	9.1674454e-01	9.2146108e-01	9.2883345e-01	9.4431980e-01	9.4735227e-01	9.4934476e-01	5.1133509e-01	5.0775437e-01	5.0340424e-01	5.0217064e-01	5.0140189e-01	5.0748592e-01	5.0356453e-01	5.0385316e-01	5.1957276e-01	5.2756494e-01	4.0000000e+00
5.7509247e-01	5.6913641e-01	5.7069216e-01	5.6995307e-01	5.7736139e-01	5.8007779e-01	5.8781412e-01	5.9769600e-01	6.0652687e-01	6.0545776e-01	5.1130729e-01	5.1853612e-01	5.1610182e-01	5.2109398e-01	5.2953166e-01	5.3724076e-01	5.4464203e-01	5.4674239e-01	5.4084285e-01	5.2665049e-01	6.7547446e-01	6.8010642e-01	6.8044403e-01	6.8583470e-01	6.9288675e-01	7.1261323e-01	7.1219784e-01	7.2486676e-01	7.3980857e-01	7.3551162e-01	4.6687538e-01	4.6903631e-01	4.6922386e-01	4.6724081e-01	4.6157731e-01	4.5610165e-01	4.5951878e-01	4.5587737e-01	4.6146892e-01	4.5796120e-01	4.0000000e+00
4.7994579e-01	4.7724345e-01	4.8745837e-01	4.9406968e-01	4.9585947e-01	4.9901014e-01	5.1165575e-01	5.2086425e-01	5.1326694e-01	5.1287367e-01	4.5777379e-01	4.6001920e-01	4.6471848e-01	4.6110859e-01	4.6404026e-01	4.5557268e-01	4.4940212e-01	4.4498851e-01	4.4462559e-01	4.4491721e-01	8.1217506e-01	8.1943911e-01	8.2297579e-01	8.1548870e-01	8.0940916e-01	8.0012267e-01	7.9399518e-01	7.9881725e-01	8.0211959e-01	8.0736007e-01	3.7159392e-01	3.9666986e-01	3.9954483e-01	3.9821002e-01	4.0635571e-01	4.1321759e-01	4.1827595e-01	4.2971387e-01	4.3337529e-01	4.3249052e-01	4.0000000e+00
5.8449756e-01	5.7987322e-01	5.7165980e-01	5.7081102e-01	5.7394663e-01	5.8347363e-01	5.8078849e-01	5.7745211e-01	5.8031031e-01	5.8958414e-01	4.8092446e-01	4.8692939e-01	4.8904897e-01	4.8997341e-01	4.8936637e-01	4.9524339e-01	4.8973702e-01	4.8334784e-01	4.7134256e-01	4.7835515e-01	7.4648328e-01	7.4032506e-01	7.4054652e-01	7.4545660e-01	7.5450267e-01	7.5643454e-01	7.5822468e-01	7.6237675e-01	7.5247981e-01	7.5061303e-01	4.5846820e-01	4.6953477e-01	4.7690533e-01	4.7944577e-01	4.8110651e-01	4.9589312e-01	4.9622724e-01	5.0452512e-01	5.1064349e-01	5.1047277e-01	4.0000000e+00
5.6348026e-01	5.6564048e-01	5.6432675e-01	5.6744212e-01	5.7069312e-01	5.7553415e-01	5.8164697e-01	5.9165731e-01	6.0227747e-01	6.0715192e-01	5.0259093e-01	5.0279692e-01	4.9733710e-01	4.9590394e-01	4.9888298e-01	4.9072084e-01	4.9948837e-01	5.0244021e-01	5.0198226e-01	4.8532722e-01	8.2951127e-01	8.2572502e-01	8.2748560e-01	8.3230179e-01	8.3544002e-01	8.3720139e-01	8.3734130e-01	8.5514811e-01	8.6588026e-01	8.7636238e-01	6.0247708e-01	5.8989648e-01	5.7803340e-01	5.7595480e-01	5.7919515e-01	5.9270747e-01	5.8900631e-01	5.9300579e-01	5.7178033e-01	5.7703837e-01	4.0000000e+00
5.4050790e-01	5.4223676e-01	5.4699278e-01	5.4934897e-01	5.4644428e-01	5.5617157e-01	5.6052535e-01	5.6790207e-01	5.7614300e-01	5.8306445e-01	4.7981828e-01	4.8626747e-01	4.9589364e-01	5.0381845e-01	5.0372804e-01	5.0513434e-01	5.0776659e-01	5.1909039e-01	5.1740160e-01	5.3255815e-01	7.8512118e-01	7.7841289e-01	7.7254417e-01	7.7855300e-01	7.8409175e-01	7.7144062e-01	7.7603190e-01	7.6978035e-01	7.7260605e-01	7.6529483e-01	6.0819714e-01	5.9199600e-01	5.8246594e-01	5.7160455e-01	5.6834812e-01	5.6749135e-01	5.6733039e-01	5.6776591e-01	5.6537571e-01	5.6271959e-01	4.0000000e+00
6.6679309e-01	6.7317410e-01	6.7383018e-01	6.7529967e-01	6.8942750e-01	7.0053828e-01	7.1738580e-01	7.1851996e-01	7.1246699e-01	7.1328061e-01	5.4492585e-01	5.4423059e-01	5.4993302e-01	5.5547186e-01	5.6169730e-01	5.5260411e-01	5.6613220e-01	5.8173263e-01	5.8949494e-01	5.9081681e-01	8.6490084e-01	8.6471971e-01	8.6940237e-01	8.7670674e-01	8.8998288e-01	9.0095230e-01	9.1078227e-01	9.1513119e-01	9.1944530e-01	9.1992314e-01	4.7515005e-01	4.7535212e-01	4.7533249e-01	4.8061650e-01	4.9117122e-01	5.0406926e-01	5.1090539e-01	5.0326573e-01	4.9615620e-01	4.8272682e-01	4.0000000e+00
4.9158651e-01	4.9091919e-01	4.8788075e-01	4.9118708e-01	4.9488570e-01	4.9394250e-01	4.9386091e-01	4.9547117e-01	4.9397349e-01	4.9938192e-01	4.0297577e-01	3.9464216e-01	4.0650355e-01	4.0665345e-01	4.1153481e-01	4.0957170e-01	4.0777086e-01	4.0685836e-01	4.2033075e-01	4.2332279e-01	5.9086669e-01	5.7819017e-01	5.7155625e-01	5.7604099e-01	5.7864715e-01	5.8220637e-01	5.9096021e-01	6.0475104e-01	6.0313130e-01	6.0289163e-01	6.1739321e-01	6.0452978e-01	5.8970378e-01	5.9052591e-01	5.9934861e-01	6.0651439e-01	6.0437909e-01	6.1026515e-01	6.1964083e-01	6.2822878e-01	4.0000000e+00
5.5248134e-01	5.3570965e-01	5.2382971e-01	5.1031705e-01	4.9778395e-01	4.7772171e-01	4.6168168e-01	4.4555817e-01	4.3913893e-01	4.3353567e-01	4.8417613e-01	4.7440737e-01	4.7372716e-01	4.7641782e-01	4.7093590e-01	4.6916916e-01	4.6743028e-01	4.6381028e-01	4.7121544e-01	4.6227539e-01	7.7865821e-01	7.8332941e-01	7.8712504e-01	7.8404097e-01	7.7104113e-01	7.7000642e-01	7.7505426e-01	7.8594530e-01	8.0095396e-01	8.1736091e-01	5.1233225e-01	5.0085580e-01	5.0067188e-01	4.9560784e-01	4.9467567e-01	4.9011009e-01	4.9060937e-01	4.8757609e-01	4.9847107e-01	5.0429400e-01	4.0000000e+00
5.3687829e-01	5.3721356e-01	5.3597524e-01	5.2743348e-01	5.2696414e-01	5.2547040e-01	5.2723191e-01	5.2513416e-01	5.2548350e-01	5.1960390e-01	4.9718227e-01	4.9510444e-01	4.8779438e-01	4.9460596e-01	4.8644998e-01	4.8510292e-01	4.9169379e-01	5.0645877e-01	5.0108467e-01	4.9549363e-01	8.7096436e-01	8.7263560e-01	8.7619412e-01	8.8424323e-01	8.7808473e-01	8.6938421e-01	8.6412563e-01	8.6580812e-01	8.6879424e-01	8.5942156e-01	7.0862223e-01	7.1571519e-01	7.1277335e-01	7.0671936e-01	7.1119941e-01	7.1692203e-01	7.2536455e-01	7.2220675e-01	7.2379837e-01	7.1686208e-01	4.0000000e+00
5.9020661e-01	5.9379831e-01	5.9564449e-01	5.9362260e-01	5.9229260e-01	5.9220808e-01	5.7597964e-01	5.4224108e-01	4.8432246e-01	4.6945736e-01	5.3275864e-01	5.3538904e-01	5.4187708e-01	5.3680355e-01	5.2979265e-01	5.4111994e-01	5.3939637e-01	5.3640032e-01	5.2402708e-01	5.1836680e-01	8.3981045e-01	8.4847176e-01	8.4944177e-01	8.5768709e-01	8.5391281e-01	8.3954197e-01	8.2817514e-01	8.0867784e-01	7.8109645e-01	7.5808102e-01	5.4086580e-01	5.4709861e-01	5.5927297e-01	5.6708908e-01	5.6437626e-01	5.6775133e-01	5.7783195e-01	5.8478518e-01	5.7686037e-01	5.5875545e-01	4.0000000e+00
5.7030301e-01	5.6784089e-01	5.5725965e-01	5.6127510e-01	5.6162272e-01	5.6274691e-01	5.6146350e-01	5.5562619e-01	5.5455891e-01	5.5636586e-01	4.9306777e-01	4.8245398e-01	4.8884470e-01	5.1157212e-01	5.2752972e-01	5.3812715e-01	5.3313423e-01	5.3386032e-01	5.4103074e-01	5.4680271e-01	8.2889982e-01	8.2959314e-01	8.3318899e-01	8.3253908e-01	8.4162138e-01	8.4695790e-01	8.4774099e-01	8.5099498e-01	8.4582653e-01	8.4492021e-01	6.5510137e-01	6.6565499e-01	6.6643267e-01	6.6759673e-01	6.8095973e-01	6.8307782e-01	6.8595301e-01	6.8884211e-01	6.9700935e-01	7.0012662e-01	4.0000000e+00
4.9453831e-01	4.9914035e-01	5.2829117e-01	5.3489513e-01	5.3696491e-01	5.4464609e-01	5.4551857e-01	5.4381313e-01	5.3838089e-01	5.2107068e-01	5.0785297e-01	5.0740533e-01	5.1035678e-01	5.1957631e-01	5.3079302e-01	5.3177867e-01	5.3948311e-01	5.4143604e-01	5.4676738e-01	5.3920373e-01	7.9712028e-01	7.9191141e-01	7.9879203e-01	8.0865342e-01	8.0904050e-01	8.1874253e-01	8.2318671e-01	8.1647189e-01	8.1502472e-01	8.0644826e-01	5.5975100e-01	5.5053625e-01	5.5696927e-01	5.5803589e-01	5.6434175e-01	5.7647470e-01	5.8727462e-01	5.8839398e-01	5.8481948e-01	5.8046050e-01	4.0000000e+00
5.4180959e-01	5.3682641e-01	5.3433467e-01	5.3039688e-01	5.2076385e-01	5.1988418e-01	5.1808436e-01	5.1632560e-01	5.1744716e-01	5.3306303e-01	6.0076547e-01	5.9022843e-01	5.9767115e-01	5.8215060e-01	5.6986705e-01	5.6337722e-01	5.5991460e-01	5.5248912e-01	5.4308341e-01	5.3180390e-01	9.1272960e-01	9.1845777e-01	9.1485328e-01	9.1706387e-01	9.3049623e-01	9.3017296e-01	9.4295704e-01	9.6080284e-01	9.5781333e-01	9.5589451e-01	6.2833641e-01	6.3222487e-01	6.3540160e-01	6.4574875e-01	6.5229887e-01	6.5606017e-01	6.6068131e-01	6.5963390e-01	6.5552689e-01	6.6487297e-01	4.0000000e+00
6.1880690e-01	6.4141946e-01	6.3732630e-01	6.4664110e-01	6.5303740e-01	6.6797262e-01	6.7747121e-01	6.8025002e-01	6.8228065e-01	6.7959867e-01	7.7775909e-01	7.7142823e-01	7.6756346e-01	7.7199360e-01	7.5997872e-01	7.5520648e-01	7.5632638e-01	7.3743096e-01	7.1754048e-01	7.2520996e-01	8.8600525e-01	8.9027211e-01	9.0383727e-01	9.1950718e-01	9.2376016e-01	9.1645538e-01	9.1490990e-01	9.0195625e-01	8.8782894e-01	8.8963579e-01	9.8210310e-01	9.9050552e-01	9.9032065e-01	9.9154672e-01	9.8552815e-01	9.7727313e-01	9.7551473e-01	9.7749047e-01	9.6966712e-01	9.6667116e-01	5.0000000e+00
6.6474324e-01	6.6379945e-01	6.6710474e-01	6.6478917e-01	6.6417614e-01	6.6558497e-01	6.6586848e-01	6.6534752e-01	6.5457445e-01	6.5302359e-01	8.0649203e-01	8.0587066e-01	8.0592619e-01	8.0916490e-01	8.1931828e-01	8.2188954e-01	8.1812086e-01	8.1866706e-01	8.0840397e-01	7.9173137e-01	7.2008547e-01	7.1538546e-01	7.2862709e-01	7.5248082e-01	7.5939657e-01	7.6832981e-01	7.6263122e-01	7.7256793e-01	7.7669243e-01	7.7998912e-01	8.6529550e-01	8.7298806e-01	8.8639821e-01	8.9594137e-01	8.9713115e-01	9.0459197e-01	9.0421522e-01	9.0900309e-01	9.1312340e-01	9.2141293e-01	5.0000000e+00
5.9192295e-01	5.9848863e-01	5.9784992e-01	6.0022810e-01	6.0232455e-01	5.9587815e-01	5.9559625e-01	6.0127895e-01	6.0860585e-01	6.1770705e-01	6.5831931e-01	6.5913160e-01	6.6391303e-01	6.8214415e-01	6.6706420e-01	6.5011672e-01	6.4656045e-01	6.5802941e-01	6.6405298e-01	6.7679910e-01	8.2070565e-01	8.2708477e-01	8.2922966e-01	8.3751206e-01	8.4015529e-01	8.3569331e-01	8.3864144e-01	8.3375960e-01	8.5103455e-01	8.7731385e-01	8.9845014e-01	9.0113295e-01	9.0594205e-01	9.0711403e-01	9.0687318e-01	9.0695520e-01	9.0725744e-01	9.1138484e-01	9.1413644e-01	9.2144655e-01	5.0000000e+00
4.7771238e-01	4.8429911e-01	4.9129902e-01	4.8407756e-01	4.8679120e-01	4.8650737e-01	4.9000326e-01	4.9390332e-01	4.9883092e-01	4.9671308e-01	5.1250575e-01	5.2674109e-01	5.4607286e-01	5.6910593e-01	5.7426527e-01	5.8743213e-01	5.9559675e-01	6.0664411e-01	6.1213190e-01	6.2127370e-01	6.6793230e-01	6.7682302e-01	6.9250464e-01	6.9647276e-01	6.9345972e-01	6.9717601e-01	7.1187785e-01	7.1502345e-01	7.1292586e-01	7.1783944e-01	7.8724208e-01	7.8809868e-01	7.9167481e-01	7.9057429e-01	7.8592051e-01	7.8869224e-01	7.9216538e-01	7.9100784e-01	7.8622859e-01	7.8411612e-01	5.0000000e+00
4.9763899e-01	5.0297195e-01	5.0651146e-01	5.1313345e-01	5.2166999e-01	5.2642256e-01	5.3535420e-01	5.4195262e-01	5.5304526e-01	5.5112255e-01	7.3192788e-01	7.3313764e-01	7.5431411e-01	7.7312192e-01	7.7730333e-01	7.9342100e-01	8.0146962e-01	7.8892620e-01	7.7466046e-01	7.6859433e-01	8.5807003e-01	8.6511270e-01	8.6643926e-01	8.6415846e-01	8.7301175e-01	8.8139726e-01	8.8297518e-01	8.7681584e-01	8.8363386e-01	8.8147628e-01	8.4859973e-01	8.5373665e-01	8.5785519e-01	8.6686270e-01	8.7831021e-01	8.8708943e-01	8.9205274e-01	8.8740786e-01	8.9348087e-01	8.9761454e-01	5.0000000e+00
5.6496383e-01	5.6147819e-01	5.6450733e-01	5.6063392e-01	5.5684013e-01	5.4753763e-01	5.4826534e-01	5.5441975e-01	5.5079894e-01	5.3757078e-01	7.0608692e-01	7.0666050e-01	7.1480635e-01	7.0938612e-01	7.0081954e-01	6.9601407e-01	6.8699696e-01	6.9267027e-01	6.9945843e-01	6.9622501e-01	7.3077320e-01	7.3769572e-01	7.3414535e-01	7.2736405e-01	7.3138177e-01	7.3037202e-01	7.3628705e-01	7.5871092e-01	7.7693708e-01	7.9151017e-01	8.5871504e-01	8.5927957e-01	8.5515064e-01	8.5031616e-01	8.4843503e-01	8.4211460e-01	8.3842225e-01	8.3754149e-01	8.4144511e-01	8.4400392e-01	5.0000000e+00
5.3656239e-01	5.4780967e-01	5.5094966e-01	5.5286225e-01	5.6712330e-01	5.7678644e-01	5.7537122e-01	5.7864150e-01	5.8194183e-01	5.8482836e-01	6.3298373e-01	6.4541344e-01	6.3795558e-01	6.4744391e-01	6.5872182e-01	6.5571153e-01	6.5405379e-01	6.6509136e-01	6.6015451e-01	6.6424191e-01	8.8281730e-01	8.9746267e-01	9.0229710e-01	9.1432550e-01	9.2439430e-01	9.3384111e-01	9.3121293e-01	9.3622590e-01	9.4058685e-01	9.4185932e-01	8.8683180e-01	9.0146595e-01	9.0461362e-01	9.1334560e-01	9.2158073e-01	9.2117372e-01	9.1817295e-01	9.1881921e-01	9.2030275e-01	9.2229972e-01	5.0000000e+00
6.4226853e-01	6.4091808e-01	6.3721702e-01	6.3862241e-01	6.4100264e-01	6.3997845e-01	6.4322349e-01	6.5763077e-01	6.5341818e-01	6.5163773e-01	9.1562280e-01	9.1690080e-01	9.0511502e-01	8.9875133e-01	9.0242977e-01	9.0818189e-01	9.0905400e-01	9.1105642e-01	9.0328472e-01	8.9061175e-01	8.7526101e-01	8.7199281e-01	8.6671678e-01	8.6468234e-01	8.6844951e-01	8.7612526e-01	8.8204347e-01	8.9052624e-01	8.8328455e-01	8.9011729e-01	9.2593796e-01	9.2721751e-01	9.2208890e-01	9.2093235e-01	9.2764484e-01	9.3629763e-01	9.3296635e-01	9.3521271e-01	9.3264485e-01	9.4211247e-01	5.0000000e+00
5.7818224e-01	5.8217911e-01	5.7761814e-01	5.6898456e-01	5.7805066e-01	5.8126199e-01	5.7871333e-01	5.8572219e-01	5.9359610e-01	5.9542826e-01	6.4299171e-01	6.5832840e-01	6.7566223e-01	6.8298046e-01	7.0327123e-01	7.1486431e-01	7.0717705e-01	6.9490974e-01	7.0191069e-01	7.0449162e-01	7.2621429e-01	7.2650020e-01	7.1906563e-01	7.1599191e-01	7.2102103e-01	7.2671469e-01	7.2596008e-01	7.2601326e-01	7.4217775e-01	7.4721948e-01	8.5957627e-01	8.6749505e-01	8.6759590e-01	8.7174844e-01	8.8170066e-01	8.7818105e-01	8.7400684e-01	8.7477114e-01	8.7940748e-01	8.8248134e-01	5.0000000e+00
4.9311458e-01	4.9515158e-01	4.9170312e-01	4.8726447e-01	4.8484594e-01	4.7297913e-01	4.8258313e-01	4.8773275e-01	4.9163119e-01	4.9220142e-01	6.5829101e-01	6.5481580e-01	6.5478516e-01	6.3400602e-01	6.2932597e-01	6.3564811e-01	6.4976046e-01	6.5496500e-01	6.4720885e-01	6.4412769e-01	5.8441144e-01	5.8948674e-01	5.9850999e-01	5.9967330e-01	6.0197835e-01	6.0548559e-01	6.0168223e-01	6.0064912e-01	6.0691334e-01	6.2045182e-01	7.6670670e-01	7.6442148e-01	7.6781627e-01	7.6453149e-01	7.6251228e-01	7.6026075e-01	7.5091526e-01	7.4322683e-01	7.4321337e-01	7.4603645e-01	5.0000000e+00
6.8000063e-01	6.8333172e-01	6.7637470e-01	6.6851569e-01	6.5986051e-01	6.4108842e-01	6.1950780e-01	6.0639296e-01	5.9601143e-01	5.9120341e-01	7.8914802e-01	7.7842827e-01	7.7701325e-01	7.7006030e-01	7.5780533e-01	7.4418261e-01	7.4631243e-01	7.3848063e-01	7.3868178e-01	7.3222289e-01	7.9033702e-01	8.0046904e-01	8.0233239e-01	7.8372831e-01	7.6400057e-01	7.6054225e-01	7.6322068e-01	7.5914371e-01	7.5387216e-01	7.4605066e-01	8.7226876e-01	8.7274260e-01	8.7464707e-01	8.7220471e-01	8.6404977e-01	8.6293593e-01	8.6294653e-01	8.5774229e-01	8.5744657e-01	8.5724368e-01	5.0000000e+00
4.5722529e-01	4.5826185e-01	4.5025447e-01	4.4150091e-01	4.3706707e-01	4.4043952e-01	4.4554845e-01	4.5172484e-01	4.5518823e-01	4.5523884e-01	6.8119368e-01	6.8580747e-01	7.1278652e-01	7.3393194e-01	7.4106700e-01	7.4522448e-01	7.5001127e-01	7.5987402e-01	7.6938756e-01	7.7632312e-01	5.5465953e-01	5.6408229e-01	5.8474375e-01	5.8838285e-01	5.8364977e-01	5.7923088e-01	5.8159146e-01	5.9138997e-01	6.0378558e-01	6.1417902e-01	6.9290692e-01	6.9744355e-01	7.0527370e-01	7.0553790e-01	7.0330958e-01	7.0024700e-01	7.0170486e-01	7.0837653e-01	7.1777658e-01	7.2172266e-01	5.0000000e+00
5.6686359e-01	5.6560159e-01	5.5146614e-01	5.4256268e-01	5.3821984e-01	5.4884083e-01	5.4771782e-01	5.4206938e-01	5.4451871e-01	5.4317095e-01	7.2281174e-01	7.1411460e-01	6.9669077e-01	6.8947236e-01	6.9479762e-01	6.9383953e-01	7.0464075e-01	7.1059149e-01	7.0352304e-01	7.0119435e-01	7.6624693e-01	7.6096340e-01	7.3644125e-01	7.2138018e-01	7.1718685e-01	7.2971722e-01	7.3996475e-01	7.5745897e-01	7.6612335e-01	7.6917444e-01	8.4290736e-01	8.4656311e-01	8.3372942e-01	8.1908607e-01	8.1561443e-01	8.1947059e-01	8.3137257e-01	8.4480868e-01	8.4959833e-01	8.4929320e-01	5.0000000e+00
7.1358557e-01	7.2339126e-01	7.3530366e-01	7.5312980e-01	7.6140897e-01	7.6260647e-01	7.7046003e-01	7.8369967e-01	7.9667289e-01	7.9862974e-01	8.2839772e-01	8.3659735e-01	8.3637327e-01	8.4161431e-01	8.4648581e-01	8.5461010e-01	8.6608085e-01	8.8191984e-01	8.8491617e-01	8.8783421e-01	8.5930270e-01	8.6785386e-01	8.8577386e-01	9.1067893e-01	9.1719392e-01	9.2326835e-01	9.3351600e-01	9.4791380e-01	9.5966980e-01	9.6786090e-01	9.1348631e-01	9.2397347e-01	9.4546023e-01	9.6109729e-01	9.6507203e-01	9.6898405e-01	9.7203817e-01	9.7641789e-01	9.8125562e-01	9.8731605e-01	5.0000000e+00
6.9484568e-01	6.8667378e-01	6.8229319e-01	6.7555040e-01	6.7817069e-01	6.8052954e-01	6.7344296e-01	6.7217647e-01	6.7628535e-01	6.7285885e-01	8.6242576e-01	8.6892993e-01	8.7321391e-01	8.8448675e-01	8.9100379e-01	8.9755461e-01	8.9382556e-01	8.9504219e-01	9.0780154e-01	9.2996630e-01	9.4389850e-01	9.4042360e-01	9.4463688e-01	9.5730010e-01	9.7057478e-01	9.6758961e-01	9.6861418e-01	9.7352149e-01	9.7500309e-01	9.7129177e-01	9.9371874e-01	9.9675764e-01	9.9620915e-01	1.0000000e+00	9.9819973e-01	9.9443574e-01	9.8692919e-01	9.8728224e-01	9.8306852e-01	9.8118910e-01	5.0000000e+00
6.0429301e-01	6.1861634e-01	6.1981305e-01	6.2496820e-01	6.3322611e-01	6.2823900e-01	6.3874960e-01	6.5178272e-01	6.4499515e-01	6.4224470e-01	7.2594707e-01	7.4099764e-01	7.5815535e-01	7.8270338e-01	8.0813731e-01	8.1074394e-01	8.0958698e-01	7.9828518e-01	7.9092393e-01	7.8987815e-01	9.2016379e-01	9.1427967e-01	9.2464279e-01	9.2690663e-01	9.2741034e-01	9.3015607e-01	9.2708102e-01	9.1946459e-01	9.1539961e-01	9.1606509e-01	9.2846505e-01	9.2802457e-01	9.3442717e-01	9.4359742e-01	9.5040814e-01	9.5112288e-01	9.4880385e-01	9.4352219e-01	9.4169435e-01	9.4204133e-01	5.0000000e+00
6.5722741e-01	6.6473432e-01	6.6805792e-01	6.5656776e-01	6.5533251e-01	6.5058265e-01	6.4365213e-01	6.2937750e-01	6.3228025e-01	6.4457456e-01	7.2080624e-01	7.2912576e-01	7.3847009e-01	7.5078256e-01	7.7018256e-01	7.8991493e-01	8.0543381e-01	8.0085104e-01	7.9430484e-01	8.1366578e-01	9.2143349e-01	9.3414911e-01	9.4632459e-01	9.5096076e-01	9.6633196e-01	9.7368059e-01	9.8243451e-01	9.9077816e-01	9.9476346e-01	1.0000000e+00	8.9422053e-01	9.0323867e-01	9.0865404e-01	9.0876954e-01	9.1953170e-01	9.2440185e-01	9.3232289e-01	9.3717128e-01	9.3989996e-01	9.4121079e-01	5.0000000e+00
5.8070006e-01	5.8313274e-01	5.6580433e-01	5.7091337e-01	5.7644755e-01	5.8588499e-01	5.8332914e-01	5.9628293e-01	6.1144502e-01	6.0802553e-01	5.3383475e-01	5.3293121e-01	5.4069125e-01	5.7500362e-01	5.9372253e-01	6.0663557e-01	6.1444483e-01	6.2354207e-01	6.4206180e-01	6.5776717e-01	8.1763236e-01	8.1782798e-01	8.1371894e-01	8.2373283e-01	8.3080332e-01	8.2235160e-01	8.2779117e-01	8.2797033e-01	8.2243292e-01	8.2499887e-01	8.7036983e-01	8.7493518e-01	8.7568039e-01	8.8329506e-01	8.9096079e-01	8.9137951e-01	8.9883245e-01	9.0895906e-01	9.0848392e-01	9.1427047e-01	5.0000000e+00
5.8939943e-01	5.8300954e-01	5.7617094e-01	5.7000734e-01	5.6817760e-01	5.7225115e-01	5.6913491e-01	5.6956158e-01	5.7079860e-01	5.7324201e-01	7.1837409e-01	7.2560076e-01	7.2966648e-01	7.3487995e-01	7.2805817e-01	7.1766362e-01	7.2204170e-01	7.4505653e-01	7.5557609e-01	7.6833433e-01	7.6056597e-01	7.5232043e-01	7.5179276e-01	7.4971428e-01	7.5993415e-01	7.6352643e-01	7.6459225e-01	7.8663153e-01	8.1798834e-01	8.3057561e-01	8.5549607e-01	8.5507029e-01	8.5337503e-01	8.5200435e-01	8.4995857e-01	8.5230304e-01	8.5402361e-01	8.6196714e-01	8.7629322e-01	8.8610415e-01	5.0000000e+00
8.2316203e-01	8.3276332e-01	8.3514443e-01	8.4873723e-01	8.5562590e-01	8.6459703e-01	8.6136927e-01	8.5298690e-01	8.5272338e-01	8.5257451e-01	7.6688846e-01	7.6926190e-01	7.6673884e-01	7.6570383e-01	7.6935060e-01	7.7547971e-01	7.7685854e-01	7.9546020e-01	8.0017963e-01	7.9391508e-01	4.5343216e-01	4.4654866e-01	4.4682527e-01	4.5820313e-01	4.5783746e-01	4.5920219e-01	4.6067563e-01	4.6057642e-01	4.6605473e-01	4.7355219e-01	1.3415484e-01	1.4181993e-01	1.4157176e-01	1.3641344e-01	1.5459953e-01	1.5987716e-01	1.5592860e-01	1.5945737e-01	1.6191253e-01	1.5460155e-01	6.0000000e+00
6.9408398e-01	6.9274485e-01	6.9656823e-01	6.9982550e-01	7.1039907e-01	7.2475316e-01	7.4894248e-01	7.6581201e-01	7.7042726e-01	7.7737032e-01	6.0280093e-01	5.9858686e-01	5.9484875e-01	6.0135895e-01	6.1022403e-01	6.3150093e-01	6.5520986e-01	6.8289846e-01	7.0413899e-01	7.2112485e-01	3.6461377e-01	3.5705167e-01	3.6499857e-01	3.6630522e-01	3.6168686e-01	3.6906091e-01	3.6228849e-01	3.5698217e-01	3.6455059e-01	3.7037579e-01	2.9968992e-01	2.8814113e-01	2.8467969e-01	2.7539398e-01	2.7292078e-01	2.7116761e-01	2.6491115e-01	2.8067968e-01	2.9209435e-01	3.0538714e-01	6.0000000e+00
7.5364621e-01	7.5573090e-01	7.5797613e-01	7.6272059e-01	7.6175984e-01	7.5554889e-01	7.5434586e-01	7.5038186e-01	7.4661996e-01	7.4609269e-01	7.2237588e-01	7.2395114e-01	7.2608483e-01	7.2782885e-01	7.4098991e-01	7.4973862e-01	7.4869526e-01	7.5059451e-01	7.6103144e-01	7.7326622e-01	3.1656830e-01	3.1878009e-01	3.2294851e-01	3.2793844e-01	3.3936953e-01	3.4498801e-01	3.5239801e-01	3.3764544e-01	3.3543849e-01	3.3535193e-01	1.4965090e-01	1.6831141e-01	1.8124963e-01	1.8225341e-01	1.8452852e-01	1.8555078e-01	1.9472226e-01	1.9511128e-01	1.9129988e-01	1.7814465e-01	6.0000000e+00
7.9147053e-01	7.8241272e-01	7.8344136e-01	7.7851551e-01	7.8045968e-01	7.7879774e-01	7.7996548e-01	7.8080856e-01	7.8167928e-01	7.8586139e-01	8.3399020e-01	8.3572435e-01	8.5800992e-01	8.4139876e-01	8.4450292e-01	8.5652898e-01	8.6262386e-01	8.6659273e-01	8.7098370e-01	8.7684514e-01	5.3502826e-01	5.3309266e-01	5.4216607e-01	5.3388669e-01	5.3845828e-01	5.4238459e-01	5.4954557e-01	5.4100369e-01	5.4231803e-01	5.4829348e-01	1.7501725e-01	1.7015725e-01	1.6483144e-01	1.6405699e-01	1.6301813e-01	1.6406961e-01	1.6567920e-01	1.7788308e-01	1.9370235e-01	1.8751357e-01	6.0000000e+00
8.1010900e-01	8.0669512e-01	8.0410261e-01	8.0728673e-01	8.0832767e-01	7.9832506e-01	7.8432835e-01	7.8450021e-01	7.8246608e-01	7.8060373e-01	6.7194539e-01	6.7112525e-01	6.6789597e-01	6.7081187e-01	6.7705286e-01	6.7683905e-01	6.6963854e-01	6.7212399e-01	6.7598120e-01	6.8314334e-01	2.4516171e-01	2.5658403e-01	2.6366779e-01	2.7894120e-01	2.8045071e-01	2.8637715e-01	2.8692722e-01	2.9822042e-01	3.0171142e-01	3.0086879e-01	2.3983917e-01	2.2990804e-01	2.3370485e-01	2.4252632e-01	2.4508673e-01	2.4723631e-01	2.5007569e-01	2.5573005e-01	2.5360380e-01	2.5797980e-01	6.0000000e+00
7.4820827e-01	7.5088084e-01	7.5778036e-01	7.6186306e-01	7.5824783e-01	7.6238628e-01	7.6425085e-01	7.6393582e-01	7.6519028e-01	7.6429036e-01	6.2011999e-01	6.3062567e-01	6.2525524e-01	6.1992790e-01	6.3112110e-01	6.3730020e-01	6.5213556e-01	6.7020265e-01	6.7221041e-01	6.7881884e-01	1.5561522e-01	1.6934521e-01	1.9424435e-01	2.2250569e-01	2.4552920e-01	2.3536384e-01	2.4773588e-01	2.4779396e-01	2.6007965e-01	2.7322402e-01	1.7852992e-01	1.7677216e-01	1.8266087e-01	1.8368883e-01	1.9398679e-01	1.9573252e-01	2.0227575e-01	2.1181171e-01	2.0926260e-01	2.0120040e-01	6.0000000e+00
7.7077193e-01	7.7357968e-01	7.7707803e-01	7.7639671e-01	7.7386610e-01	7.7243495e-01	7.6995054e-01	7.6792942e-01	7.6633057e-01	7.7188414e-01	6.5734315e-01	6.6740884e-01	6.6921180e-01	6.6871192e-01	6.6833722e-01	6.7425939e-01	6.5842661e-01	6.4638374e-01	6.3633696e-01	6.2882606e-01	3.8308757e-01	3.8461797e-01	3.8255021e-01	3.7864954e-01	3.7553035e-01	3.6274611e-01	3.6981337e-01	3.8322870e-01	3.8343334e-01	3.8250844e-01	2.5416605e-01	2.3768569e-01	2.2824499e-01	2.2764113e-01	2.1584234e-01	2.1490369e-01	2.2808310e-01	2.3276444e-01	2.3494158e-01	2.3545838e-01	6.0000000e+00
7.6244982e-01	7.6158197e-01	7.6809551e-01	7.7884754e-01	7.8262597e-01	7.8788476e-01	7.8423333e-01	7.7451591e-01	7.7619278e-01	7.7942347e-01	7.1832876e-01	7.1795664e-01	7.4194299e-01	7.6158331e-01	7.6946281e-01	7.7991472e-01	7.8404328e-01	7.7593956e-01	7.7393419e-01	7.8854209e-01	3.9292040e-01	3.8769559e-01	3.7106998e-01	3.6012954e-01	3.6799769e-01	3.7180156e-01	3.6048785e-01	3.5708585e-01	3.6264364e-01	3.6161019e-01	2.9709094e-01	2.9546480e-01	3.0049441e-01	3.0893654e-01	3.1611005e-01	3.1752131e-01	3.2425180e-01	3.2118660e-01	3.2229550e-01	3.2021032e-01	6.0000000e+00
7.9603803e-01	7.9530611e-01	7.9710532e-01	7.9901176e-01	7.9929386e-01	7.9768451e-01	8.0135860e-01	7.9568308e-01	7.9063873e-01	7.9369425e-01	7.8244387e-01	7.9263105e-01	8.0045931e-01	8.0220181e-01	8.0290409e-01	8.0830530e-01	8.1533454e-01	8.1600514e-01	8.2160488e-01	8.3269069e-01	4.6716571e-01	4.5384014e-01	4.5122642e-01	4.5210184e-01	4.3999185e-01	4.1715230e-01	4.2060995e-01	4.1801722e-01	4.2396759e-01	4.2481156e-01	3.5881029e-01	3.5988557e-01	3.6379683e-01	3.6676195e-01	3.6662123e-01	3.6784814e-01	3.6733374e-01	3.7230256e-01	3.7245067e-01	3.7868949e-01	6.0000000e+00
8.4345018e-01	8.3907842e-01	8.3614816e-01	8.3710706e-01	8.4048844e-01	8.4933357e-01	8.4688622e-01	8.4187112e-01	8.3858213e-01	8.3137794e-01	6.5599297e-01	6.6277285e-01	6.6426625e-01	6.6756874e-01	6.7649069e-01	6.8749130e-01	6.8262480e-01	6.8467534e-01	6.8781149e-01	6.8993885e-01	5.0084382e-01	5.0428062e-01	4.8819033e-01	4.9143232e-01	4.9866274e-01	4.9812695e-01	5.0712428e-01	5.1030514e-01	5.0385298e-01	5.0109999e-01	4.9737296e-01	4.9252676e-01	4.9040922e-01	4.9059744e-01	4.9553020e-01	5.0096477e-01	5.0273623e-01	5.0406115e-01	5.0638975e-01	5.0170012e-01	6.0000000e+00
8.6396574e-01	8.7292930e-01	8.8007672e-01	8.9736041e-01	9.1121279e-01	9.1847582e-01	9.2785797e-01	9.3592489e-01	9.3576686e-01	9.3434076e-01	7.6516761e-01	7.8754029e-01	8.0005612e-01	8.0702943e-01	8.1669574e-01	8.2670245e-01	8.2498200e-01	8.3312091e-01	8.4306281e-01	8.4276610e-01	1.4947003e-01	1.5013060e-01	1.5511133e-01	1.5986333e-01	1.5875404e-01	1.6481619e-01	1.7674327e-01	1.9028419e-01	2.0266452e-01	2.0781769e-01	3.7315711e-01	3.7629064e-01	3.7815870e-01	3.9105056e-01	4.1601594e-01	4.2003544e-01	4.2410098e-01	4.3041342e-01	4.3524535e-01	4.3679724e-01	6.0000000e+00
8.5712058e-01	8.5182593e-01	8.5308871e-01	8.4712492e-01	8.1669444e-01	7.8943091e-01	7.6918869e-01	7.5949643e-01	7.4836918e-01	7.3385739e-01	7.7456456e-01	7.8027357e-01	7.8187027e-01	7.9616762e-01	7.7911800e-01	7.8008559e-01	7.8136528e-01	7.8422183e-01	7.9440291e-01	8.0795293e-01	3.5148486e-01	3.4826508e-01	3.6395755e-01	3.6744161e-01	3.6079380e-01	3.5862168e-01	3.6468789e-01	3.6905647e-01	3.9521655e-01	4.0703916e-01	4.8750214e-01	4.7778708e-01	4.7714084e-01	4.8191540e-01	4.8743959e-01	4.8733692e-01	4.8819962e-01	5.0046071e-01	5.2565917e-01	5.3826300e-01	6.0000000e+00
8.2822702e-01	8.2299380e-01	8.3325591e-01	8.4322030e-01	8.5841916e-01	8.6565754e-01	8.6517493e-01	8.6921373e-01	8.7403348e-01	8.7546919e-01	7.7395633e-01	7.6910673e-01	7.9103620e-01	8.1057485e-01	8.3966529e-01	8.6589676e-01	8.6493385e-01	8.6164722e-01	8.6215826e-01	8.8582476e-01	3.0697293e-01	3.0398452e-01	3.1756022e-01	3.1418343e-01	3.1493548e-01	3.1818522e-01	3.3284775e-01	3.5555552e-01	3.6894701e-01	3.6701266e-01	1.4035147e-01	1.4200793e-01	1.5402784e-01	1.6485320e-01	1.7572175e-01	1.8375954e-01	1.9402929e-01	1.8976965e-01	1.9312662e-01	1.9397160e-01	6.0000000e+00
7.7887883e-01	7.8432513e-01	7.9604419e-01	8.0131494e-01	8.0761530e-01	8.0702249e-01	8.1446853e-01	8.2154317e-01	8.2924927e-01	8.3071357e-01	7.2359888e-01	7.3142007e-01	7.3874214e-01	7.4683417e-01	7.5516558e-01	7.6849065e-01	7.8395695e-01	8.0518737e-01	8.1831192e-01	8.2820879e-01	4.7500958e-01	4.9219436e-01	5.0701310e-01	5.1616351e-01	5.1469228e-01	5.1150597e-01	5.1515427e-01	4.9281287e-01	4.9811559e-01	4.8206797e-01	5.9295809e-02	6.0381716e-02	7.5979478e-02	8.0386538e-02	8.9120791e-02	9.4668260e-02	1.0598786e-01	1.1634915e-01	1.2120017e-01	1.0843805e-01	6.0000000e+00
9.2380739e-01	9.1925249e-01	9.1645926e-01	9.2255536e-01	9.2908282e-01	9.2950937e-01	9.2888251e-01	9.1990872e-01	9.2037978e-01	9.2227473e-01	8.4022921e-01	8.3398948e-01	8.2173031e-01	8.2012751e-01	8.1677306e-01	8.0067943e-01	7.9812768e-01	7.9643989e-01	8.0201890e-01	8.0007029e-01	4.7720745e-01	4.7514218e-01	4.7962222e-01	4.9723634e-01	5.2894652e-01	5.1703137e-01	5.0457776e-01	5.0286594e-01	4.9909939e-01	5.0404330e-01	2.8235879e-01	2.8386894e-01	2.7268009e-01	2.7901105e-01	2.7855664e-01	2.7382091e-01	2.7145206e-01	2.7158896e-01	2.7184536e-01	2.7192709e-01	6.0000000e+00
9.0014932e-01	8.9694105e-01	8.9718364e-01	9.0291677e-01	9.0108279e-01	9.0198955e-01	8.9721973e-01	8.9521539e-01	8.9868466e-01	9.0311636e-01	8.2585518e-01	8.1566357e-01	7.9303667e-01	7.9241465e-01	7.9182333e-01	7.8389380e-01	7.4948556e-01	7.4074617e-01	7.3463772e-01	7.2492008e-01	4.3606080e-01	4.4825278e-01	4.6092853e-01	4.7872901e-01	4.7772917e-01	4.7935237e-01	4.7073424e-01	4.7004104e-01	4.7685312e-01	4.9166909e-01	2.9050668e-01	2.9402899e-01	2.9059911e-01	2.9446391e-01	2.8650450e-01	2.7603544e-01	2.6937371e-01	2.6483378e-01	2.6595443e-01	2.7325959e-01	6.0000000e+00
8.9730504e-01	9.1082615e-01	9.1879160e-01	9.1638542e-01	9.1408825e-01	9.1173746e-01	9.1380683e-01	9.1816798e-01	9.2475087e-01	9.2606213e-01	7.6076644e-01	7.5812257e-01	7.4132101e-01	7.3104934e-01	7.1169283e-01	7.0968116e-01	7.0680216e-01	7.0330963e-01	7.0020462e-01	6.8749525e-01	7.4982135e-01	7.6914741e-01	7.8379012e-01	7.9104268e-01	7.9133076e-01	7.9859349e-01	8.0267695e-01	8.0786484e-01	8.1233368e-01	8.1555630e-01	2.2833675e-01	2.3799571e-01	2.5299174e-01	2.6075994e-01	2.6117776e-01	2.6760193e-01	2.7760537e-01	2.8134217e-01	2.8372591e-01	2.7969398e-01	7.0000000e+00
7.2695280e-01	7.2512627e-01	7.2854202e-01	7.2081860e-01	7.1637113e-01	7.1401912e-01	7.0650147e-01	7.0088213e-01	6.9397002e-01	6.9335197e-01	6.8747184e-01	6.9290430e-01	7.0274480e-01	7.1146448e-01	6.9923385e-01	6.8906781e-01	6.8308839e-01	6.6839870e-01	6.4938710e-01	6.3977705e-01	6.8713440e-01	6.7694224e-01	6.8609756e-01	6.6639137e-01	6.4897907e-01	6.2421778e-01	6.1412924e-01	6.1067160e-01	6.0229323e-01	5.8217456e-01	1.9604101e-01	1.9320206e-01	1.9996281e-01	1.9191496e-01	1.8555698e-01	1.8139288e-01	1.7415172e-01	1.7319058e-01	1.7110367e-01	1.6530486e-01	7.0000000e+00
8.0702661e-01	8.1365197e-01	8.1240250e-01	8.1892004e-01	8.2330929e-01	8.1376282e-01	8.0090352e-01	7.9624521e-01	7.8967059e-01	7.8918425e-01	7.1722749e-01	7.3051221e-01	7.3158049e-01	7.4230539e-01	7.3859314e-01	7.4220349e-01	7.4256975e-01	7.3616252e-01	7.3370520e-01	7.4599698e-01	6.6341896e-01	6.7304834e-01	6.7393226e-01	6.8296502e-01	6.7850834e-01	6.8155073e-01	6.7852576e-01	6.8199716e-01	6.7876172e-01	6.9107887e-01	2.3020993e-01	2.4091570e-01	2.3373782e-01	2.2992618e-01	2.3371416e-01	2.3386932e-01	2.3998319e-01	2.3959196e-01	2.4325067e-01	2.4550756e-01	7.0000000e+00
7.3454698e-01	7.3772255e-01	7.3701592e-01	7.3809610e-01	7.3827623e-01	7.2957248e-01	7.1906535e-01	7.1977796e-01	7.2330841e-01	7.2120699e-01	6.8342396e-01	6.8027882e-01	6.7827538e-01	6.7025704e-01	6.6498917e-01	6.5315886e-01	6.3565560e-01	6.2191779e-01	6.1522214e-01	6.1935748e-01	4.5763939e-01	4.7452157e-01	4.6893843e-01	4.7005028e-01	4.7582967e-01	4.5635362e-01	4.2458917e-01	4.1647481e-01	4.1783129e-01	4.1534293e-01	1.0925535e-01	1.1681595e-01	1.1737670e-01	1.2544610e-01	1.3348658e-01	1.3215671e-01	1.1192151e-01	1.1092847e-01	1.0845250e-01	1.0734968e-01	7.0000000e+00
7.6560074e-01	7.7405280e-01	7.7164239e-01	7.7322897e-01	7.7588887e-01	7.7149134e-01	7.7800564e-01	7.8886998e-01	7.9279493e-01	7.9522608e-01	7.2405206e-01	7.3372766e-01	7.3959374e-01	7.3598006e-01	7.3513202e-01	7.2730818e-01	7.2295380e-01	7.2128157e-01	7.2459453e-01	7.3310700e-01	6.8057260e-01	6.8318298e-01	6.8637920e-01	6.8272581e-01	6.8096428e-01	6.7686119e-01	6.7233784e-01	6.6887816e-01	6.7753555e-01	6.8325634e-01	2.1621063e-01	2.2418195e-01	2.3145805e-01	2.2634995e-01	2.2987998e-01	2.3334634e-01	2.4289740e-01	2.4504363e-01	2.5511962e-01	2.6102351e-01	7.0000000e+00
8.1950209e-01	8.2404420e-01	8.2368127e-01	8.2209263e-01	8.1949159e-01	8.1412836e-01	8.0367912e-01	8.0357173e-01	8.0713412e-01	8.1276007e-01	7.8799140e-01	7.7836776e-01	7.6831419e-01	7.7041665e-01	7.6827833e-01	7.7078656e-01	7.7399759e-01	7.8565336e-01	7.7114463e-01	7.6760282e-01	7.0146283e-01	7.0782562e-01	7.0869328e-01	6.9872008e-01	6.8684844e-01	6.7663983e-01	6.6675032e-01	6.6642880e-01	6.6895455e-01	6.6388112e-01	3.8651688e-01	3.9427615e-01	3.9536410e-01	3.8622234e-01	3.7427486e-01	3.5972846e-01	3.5343129e-01	3.5396085e-01	3.5163037e-01	3.5108118e-01	7.0000000e+00
7.7294049e-01	7.7899738e-01	7.8511592e-01	7.8747327e-01	7.8049059e-01	7.6964730e-01	7.6095639e-01	7.6323449e-01	7.6447826e-01	7.5922219e-01	6.1983231e-01	6.0964819e-01	6.0883942e-01	6.0796745e-01	6.0291915e-01	5.9673821e-01	6.0438407e-01	6.0763982e-01	6.1564495e-01	6.2279116e-01	7.1046341e-01	7.1241206e-01	7.0962096e-01	7.1217869e-01	7.1682736e-01	7.2089159e-01	7.2095859e-01	7.2978619e-01	7.2746408e-01	7.2480090e-01	2.0552463e-01	2.1458572e-01	2.1779148e-01	2.1976175e-01	2.0594948e-01	2.0236850e-01	2.0229473e-01	2.0202342e-01	2.0174160e-01	2.0031267e-01	7.0000000e+00
6.9104327e-01	6.9649329e-01	6.8515039e-01	6.8522254e-01	6.8923341e-01	6.8040645e-01	6.7516354e-01	6.8277384e-01	6.9457683e-01	6.9889058e-01	6.2333159e-01	6.1438688e-01	6.1566042e-01	6.1593120e-01	6.1369877e-01	6.2134112e-01	6.1705326e-01	6.1642689e-01	6.2934909e-01	6.4393649e-01	7.3838948e-01	7.3983068e-01	7.3850963e-01	7.3602094e-01	7.3279783e-01	7.2994628e-01	7.2280581e-01	7.2073235e-01	7.2792493e-01	7.3576856e-01	2.9018445e-01	2.9340529e-01	2.9177378e-01	3.0042199e-01	2.9376275e-01	2.8867520e-01	2.7513170e-01	2.7616188e-01	2.8324184e-01	2.7919277e-01	7.0000000e+00
7.9170462e-01	7.8204209e-01	7.7800458e-01	7.6985153e-01	7.5923275e-01	7.4222184e-01	7.3595351e-01	7.1862722e-01	7.0732771e-01	6.9931665e-01	6.1219894e-01	5.7522123e-01	5.4015891e-01	5.1383679e-01	4.9028778e-01	4.5480560e-01	4.3720937e-01	4.1355948e-01	3.9655414e-01	3.7634244e-01	8.0493166e-01	8.0196978e-01	7.9951421e-01	7.9375458e-01	7.8561619e-01	7.7407208e-01	7.6528862e-01	7.5466243e-01	7.4164724e-01	7.2403551e-01	2.7055292e-01	2.7556501e-01	2.7995532e-01	2.7635655e-01	2.8122648e-01	2.9011413e-01	2.9030781e-01	2.9564214e-01	2.9734246e-01	2.9040823e-01	7.0000000e+00
6.8640353e-01	6.8475196e-01	6.8815045e-01	6.9097515e-01	6.9195297e-01	7.0008778e-01	7.0094875e-01	7.0799504e-01	7.0406641e-01	7.0357568e-01	5.2231437e-01	5.0935723e-01	5.0524104e-01	4.9424238e-01	4.7746107e-01	4.6537409e-01	4.7575985e-01	4.9421432e-01	5.0086822e-01	5.0225411e-01	6.7878412e-01	6.7785981e-01	6.6825395e-01	6.7471991e-01	6.7804556e-01	6.6718743e-01	6.5897807e-01	6.6057953e-01	6.6070114e-01	6.4816892e-01	2.7889417e-01	2.7635759e-01	2.8233863e-01	2.9112246e-01	2.8676544e-01	2.6929250e-01	2.7265071e-01	2.6834435e-01	2.6165244e-01	2.5273817e-01	7.0000000e+00
7.8448241e-01	7.8088892e-01	7.7373851e-01	7.7309782e-01	7.7303281e-01	7.7106730e-01	7.6853688e-01	7.7483121e-01	7.8188133e-01	7.8528994e-01	5.9769224e-01	5.9671767e-01	5.9425316e-01	6.0320007e-01	6.0662949e-01	6.0294656e-01	6.1783265e-01	6.2241134e-01	6.2911755e-01	6.2406491e-01	7.5735644e-01	7.4599707e-01	7.4503303e-01	7.3666801e-01	7.3790590e-01	7.4452056e-01	7.5054203e-01	7.5109473e-01	7.4558902e-01	7.4496638e-01	3.7484935e-01	3.6810672e-01	3.6326290e-01	3.6214677e-01	3.5936376e-01	3.6649675e-01	3.6762387e-01	3.6407435e-01	3.6808389e-01	3.7467106e-01	7.0000000e+00
8.0924752e-01	8.1312889e-01	8.1121418e-01	8.0757028e-01	8.1166924e-01	8.1139240e-01	8.1620029e-01	8.2147134e-01	8.3219075e-01	8.5025614e-01	5.6309422e-01	5.6642559e-01	5.6788654e-01	5.6922787e-01	5.8317183e-01	5.8586360e-01	5.7799624e-01	5.7528388e-01	5.7221038e-01	5.7247003e-01	6.9790637e-01	7.0296172e-01	7.0710927e-01	7.0301213e-01	7.0085374e-01	7.0498822e-01	7.0144605e-01	6.9878977e-01	6.9126904e-01	6.9547335e-01	4.7261851e-01	4.8603680e-01	4.8652942e-01	4.9082066e-01	4.9848246e-01	5.0136908e-01	4.9220709e-01	4.9150456e-01	4.9535948e-01	5.0131732e-01	7.0000000e+00
9.8834864e-01	9.7700562e-01	9.7708136e-01	9.7907975e-01	9.8104663e-01	9.8706325e-01	9.9099893e-01	9.9638473e-01	1.0000000e+00	9.9249448e-01	9.8759778e-01	1.0000000e+00	9.9748028e-01	9.9853382e-01	9.7823864e-01	9.6660684e-01	9.5960572e-01	9.5519694e-01	9.5293392e-01	9.5490425e-01	7.5606153e-01	7.5723915e-01	7.6090725e-01	7.6914968e-01	7.6907979e-01	7.7611821e-01	7.6764812e-01	7.7013622e-01	7.9292383e-01	7.8236655e-01	3.0267936e-01	3.1108102e-01	3.1332882e-01	3.2032708e-01	3.2735679e-01	3.2517069e-01	3.0566323e-01	3.0089183e-01	3.0696671e-01	3.0783517e-01	7.0000000e+00
8.4473670e-01	8.4532660e-01	8.4284131e-01	8.4290495e-01	8.4911840e-01	8.6176402e-01	8.5805401e-01	8.6132814e-01	8.6135517e-01	8.5528231e-01	6.5140872e-01	6.6525248e-01	6.7468408e-01	6.8859478e-01	6.9158433e-01	7.0489832e-01	7.1415053e-01	7.2509550e-01	7.2293023e-01	7.2874987e-01	7.1305252e-01	7.1141964e-01	7.0575716e-01	7.0514463e-01	7.1084390e-01	7.1861389e-01	7.1687940e-01	7.2978051e-01	7.4022577e-01	7.4267202e-01	3.2599940e-01	3.2887963e-01	3.3645106e-01	3.3553880e-01	3.3659863e-01	3.4372801e-01	3.4158645e-01	3.4459674e-01	3.4872507e-01	3.5548189e-01	7.0000000e+00
8.6390143e-01	8.6133593e-01	8.6129000e-01	8.6659390e-01	8.7286465e-01	8.7693857e-01	8.8630427e-01	8.9699388e-01	8.9923748e-01	8.9837578e-01	7.5178063e-01	7.6123270e-01	7.5564055e-01	7.5426236e-01	7.6563316e-01	7.7579798e-01	7.8478929e-01	7.8629018e-01	7.9095759e-01	7.9201021e-01	7.5440286e-01	7.6239886e-01	7.6372958e-01	7.7327328e-01	7.8273382e-01	7.8801850e-01	7.9511956e-01	8.0904004e-01	8.1223431e-01	8.1284082e-01	3.5617502e-01	3.6025781e-01	3.6710113e-01	3.7655751e-01	3.7866995e-01	3.7040648e-01	3.7501122e-01	3.7054957e-01	3.6285795e-01	3.5406105e-01	7.0000000e+00
7.8447904e-01	7.7928518e-01	7.8095281e-01	7.6603078e-01	7.6656621e-01	7.7175551e-01	7.7046204e-01	7.6498122e-01	7.6329676e-01	7.6668923e-01	7.3482858e-01	7.3323280e-01	7.1770716e-01	7.0356936e-01	7.0438687e-01	6.8799198e-01	6.8296186e-01	6.8192533e-01	6.7467280e-01	6.8056926e-01	5.5886136e-01	5.5761874e-01	5.6512772e-01	5.5244149e-01	5.6928204e-01	5.7746187e-01	5.8243253e-01	5.8231155e-01	5.7042436e-01	5.8411401e-01	1.7777112e-01	1.7715688e-01	1.7873676e-01	1.5975544e-01	1.5825968e-01	1.5757540e-01	1.5810016e-01	1.5418905e-01	1.4955998e-01	1.5333685e-01	7.0000000e+00
7.7291503e-01	7.7137360e-01	7.6093939e-01	7.5994005e-01	7.6219741e-01	7.7074764e-01	7.8236611e-01	7.8416507e-01	7.8182081e-01	7.8009896e-01	7.4628803e-01	7.4640933e-01	7.5491570e-01	7.5933885e-01	7.6018420e-01	7.4536547e-01	7.3716218e-01	7.3262239e-01	7.3507737e-01	7.4542027e-01	7.1960314e-01	7.0681392e-01	7.0417886e-01	7.1250298e-01	7.2109266e-01	7.2933881e-01	7.5354750e-01	7.6689573e-01	7.7796314e-01	7.9189754e-01	2.7982818e-01	2.8587458e-01	2.8523212e-01	2.8510009e-01	2.9072481e-01	3.0674144e-01	3.2405031e-01	3.3616429e-01	3.3727531e-01	3.4239271e-01	7.0000000e+00
8.7969491e-01	8.8961746e-01	8.9054801e-01	8.9230807e-01	8.8894586e-01	8.8903107e-01	8.8564050e-01	8.8336186e-01	8.8788576e-01	8.9015189e-01	7.8623930e-01	7.8808478e-01	7.7000347e-01	7.6711372e-01	7.6234338e-01	7.5516754e-01	7.4560215e-01	7.3315219e-01	7.2413142e-01	7.1916340e-01	7.5322932e-01	7.6502047e-01	7.6833605e-01	7.8095644e-01	7.8280913e-01	7.7552605e-01	7.9207144e-01	7.8688869e-01	7.9367222e-01	8.0015211e-01	2.9367425e-01	2.9766632e-01	2.9866893e-01	3.0493362e-01	3.0705557e-01	3.0440631e-01	3.0680905e-01	3.0823460e-01	3.0921240e-01	3.1628264e-01	7.0000000e+00
3.7002333e-01	3.8188881e-01	3.9278912e-01	3.8783647e-01	3.8489391e-01	3.8305135e-01	3.7989345e-01	3.7733503e-01	3.7953732e-01	3.7235910e-01	2.8059515e-01	2.8304420e-01	2.9649092e-01	3.0447502e-01	3.0281020e-01	2.9734219e-01	2.9895251e-01	3.0480244e-01	3.0233378e-01	2.9126489e-01	8.4215012e-01	8.4941456e-01	8.6426891e-01	8.6942030e-01	8.7305617e-01	8.6702592e-01	8.6435160e-01	8.6899923e-01	8.7635694e-01	8.6705801e-01	7.1795688e-01	7.0262432e-01	7.1080530e-01	7.1159110e-01	7.0539531e-01	7.0386022e-01	7.0343700e-01	7.0169965e-01	7.0314600e-01	6.9230186e-01	8.0000000e+00
3.3967311e-01	3.3536311e-01	3.2542913e-01	3.1801517e-01	3.2261015e-01	3.2416895e-01	3.2146442e-01	3.2799846e-01	3.2836876e-01	3.2590635e-01	3.0204114e-01	2.9512514e-01	2.9420865e-01	2.9128538e-01	2.8206201e-01	2.7750345e-01	2.6699467e-01	2.5244112e-01	2.4943913e-01	2.5063701e-01	7.6326260e-01	7.6632397e-01	7.6809836e-01	7.6763493e-01	7.6063103e-01	7.5083301e-01	7.4171037e-01	7.4126159e-01	7.3539812e-01	7.3800372e-01	5.3547361e-01	5.4735056e-01	5.4408601e-01	5.5603216e-01	5.5482762e-01	5.5442109e-01	5.5727000e-01	5.6104922e-01	5.6995766e-01	5.7663721e-01	8.0000000e+00
3.3816051e-01	3.3909642e-01	3.3372736e-01	3.2693591e-01	3.2091402e-01	3.1357760e-01	3.1276306e-01	3.2019393e-01	3.3303587e-01	3.4188053e-01	4.5897453e-01	4.4800015e-01	4.4106304e-01	4.3173704e-01	4.1830334e-01	4.0470566e-01	4.0670413e-01	4.2076078e-01	4.2609333e-01	4.1836183e-01	7.7494421e-01	7.7349173e-01	7.6457371e-01	7.6945594e-01	7.7014380e-01	7.6705456e-01	7.6850216e-01	7.7539519e-01	7.8978960e-01	7.8605689e-01	7.3759788e-01	7.3525792e-01	7.2882328e-01	7.3107615e-01	7.3255043e-01	7.2407333e-01	7.2301507e-01	7.3043322e-01	7.4051872e-01	7.3831662e-01	8.0000000e+00
2.9350091e-01	3.1078871e-01	3.2909472e-01	3.3832850e-01	3.4789312e-01	3.6012995e-01	3.6344186e-01	3.6402141e-01	3.6878767e-01	3.7902550e-01	3.6353977e-01	3.7264177e-01	3.8084394e-01	3.8478070e-01	3.9049421e-01	3.8692531e-01	3.8348292e-01	3.8760894e-01	3.9921845e-01	4.0522300e-01	8.2219114e-01	8.3316617e-01	8.3472261e-01	8.3274632e-01	8.2809609e-01	8.3111970e-01	8.2632189e-01	8.2871382e-01	8.3512555e-01	8.5127893e-01	6.6057726e-01	6.7334831e-01	6.7351176e-01	6.6908840e-01	6.6782016e-01	6.6912796e-01	6.6822354e-01	6.6685183e-01	6.6776934e-01	6.7344998e-01	8.0000000e+00
2.2120059e-01	2.3381909e-01	2.4713788e-01	2.5738463e-01	2.5548719e-01	2.5461329e-01	2.5604930e-01	2.6261106e-01	2.6063316e-01	2.6204022e-01	1.7778092e-01	1.9088401e-01	1.9857433e-01	2.2067076e-01	2.4567784e-01	2.4863391e-01	2.4067197e-01	2.4532154e-01	2.4702621e-01	2.5063796e-01	6.4376764e-01	6.5401401e-01	6.5245653e-01	6.6795970e-01	6.8109933e-01	6.7270232e-01	6.6844690e-01	6.7053599e-01	6.6436666e-01	6.5996860e-01	5.6246541e-01	5.7224629e-01	5.7847229e-01	5.9490679e-01	6.0431324e-01	6.0420763e-01	6.0007334e-01	5.9599954e-01	5.8490494e-01	5.7368651e-01	8.0000000e+00
3.1009130e-01	3.1277066e-01	3.1525594e-01	3.2622158e-01	3.3870554e-01	3.5487081e-01	3.5794633e-01	3.6498206e-01	3.7878581e-01	3.9037294e-01	2.5115287e-01	2.6232062e-01	2.6913120e-01	2.6312625e-01	2.5146115e-01	2.5083732e-01	2.6180366e-01	2.8237399e-01	2.9470058e-01	2.9320359e-01	5.6215654e-01	5.7129964e-01	5.6816812e-01	5.7327597e-01	5.8022465e-01	5.9674880e-01	6.0734627e-01	6.2253464e-01	6.6190384e-01	6.8795311e-01	3.9343815e-01	3.7621171e-01	3.6474374e-01	3.5637911e-01	3.6127123e-01	3.7439895e-01	3.8577211e-01	3.9650229e-01	4.0432876e-01	4.1590587e-01	8.0000000e+00
3.8040044e-01	3.7975343e-01	3.7787713e-01	3.7498283e-01	3.9300655e-01	3.9574969e-01	3.8686567e-01	3.8599769e-01	3.8329265e-01	3.8893927e-01	3.2649526e-01	3.2768613e-01	3.4534365e-01	3.6294438e-01	3.9371242e-01	4.1166472e-01	4.2256321e-01	4.2503471e-01	4.3038150e-01	4.4128318e-01	7.7705098e-01	7.7844297e-01	7.7683360e-01	7.7958470e-01	7.9893584e-01	8.0979949e-01	8.0516545e-01	8.0084363e-01	8.1056314e-01	8.1381722e-01	6.8596699e-01	6.8304776e-01	6.8967316e-01	6.9640988e-01	7.1012448e-01	7.2592969e-01	7.2260902e-01	7.2560919e-01	7.3887002e-01	7.4686530e-01	8.0000000e+00
4.4151808e-01	4.3887130e-01	4.3251791e-01	4.2825527e-01	4.2368144e-01	4.2350884e-01	4.2208012e-01	4.2278527e-01	4.2435791e-01	4.1997341e-01	2.9815518e-01	2.9416097e-01	2.8905602e-01	3.0163997e-01	3.1133743e-01	3.2275686e-01	3.2838630e-01	3.2389455e-01	3.3295260e-01	3.2781561e-01	8.0578067e-01	8.0682375e-01	8.0273729e-01	8.1358626e-01	8.2979068e-01	8.3832546e-01	8.4037894e-01	8.4730878e-01	8.4601465e-01	8.4108806e-01	5.6842276e-01	5.7019086e-01	5.7663708e-01	5.8445847e-01	5.8251182e-01	5.8227145e-01	5.8516104e-01	5.9040884e-01	5.9460508e-01	5.9438676e-01	8.0000000e+00
3.5915404e-01	3.6538123e-01	3.7310812e-01	3.6817389e-01	3.7137140e-01	3.6994325e-01	3.7400590e-01	3.7441687e-01	3.6945438e-01	3.7056189e-01	4.3335331e-01	4.3444935e-01	4.3339153e-01	4.2989833e-01	4.2410265e-01	4.1520235e-01	3.9834362e-01	3.8856823e-01	3.8467143e-01	3.7637860e-01	8.6118961e-01	8.5349428e-01	8.5139323e-01	8.5706860e-01	8.6519179e-01	8.6593363e-01	8.6311058e-01	8.6338543e-01	8.6381926e-01	8.5166013e-01	8.0027534e-01	8.0325061e-01	8.0049569e-01	7.9770938e-01	7.9429742e-01	7.9165571e-01	7.9244015e-01	7.8838836e-01	7.8887777e-01	7.8323129e-01	8.0000000e+00
3.9980298e-01	4.0297052e-01	4.0855828e-01	4.1215314e-01	4.2197979e-01	4.3138086e-01	4.5126095e-01	4.5878331e-01	4.6632178e-01	4.6030347e-01	3.0561994e-01	3.1173289e-01	3.1416047e-01	3.1669937e-01	3.2649918e-01	3.3393026e-01	3.4572982e-01	3.5641007e-01	3.6569693e-01	3.6484498e-01	8.1086995e-01	8.1985139e-01	8.1891818e-01	8.1638315e-01	8.2219230e-01	8.3405306e-01	8.4794023e-01	8.5378303e-01	8.5914973e-01	8.6275406e-01	7.1768609e-01	7.3649570e-01	7.4488332e-01	7.5816752e-01	7.6526985e-01	7.8081788e-01	8.2086636e-01	8.2491516e-01	8.3056343e-01	8.3055903e-01	8.0000000e+00
3.4669261e-01	3.4388292e-01	3.3826285e-01	3.3347625e-01	3.3303426e-01	3.4164900e-01	3.4336556e-01	3.5381118e-01	3.5485667e-01	3.6223223e-01	4.3996821e-01	4.4939576e-01	4.6060200e-01	4.5789063e-01	4.5995656e-01	4.5889621e-01	4.5979923e-01	4.6882363e-01	4.7442643e-01	4.7998956e-01	6.2130438e-01	6.2022183e-01	6.2489684e-01	6.2505266e-01	6.2816904e-01	6.3275022e-01	6.3232219e-01	6.3108327e-01	6.3608708e-01	6.3823026e-01	6.8528991e-01	6.8103824e-01	6.8561500e-01	6.8226905e-01	6.8086696e-01	6.7950765e-01	6.7015509e-01	6.6250290e-01	6.6119653e-01	6.6192777e-01	8.0000000e+00
4.2368618e-01	4.4116144e-01	4.4695260e-01	4.5289554e-01	4.6083394e-01	4.6361983e-01	4.6030144e-01	4.5651380e-01	4.6667554e-01	4.7122124e-01	4.6634746e-01	4.7365236e-01	4.7572317e-01	4.8060261e-01	4.9162028e-01	4.9819388e-01	4.9197755e-01	4.9757014e-01	5.0819814e-01	5.1230504e-01	8.6347477e-01	8.7070127e-01	8.8409499e-01	8.9687451e-01	9.2382939e-01	9.3953204e-01	9.3850605e-01	9.4897050e-01	9.6564132e-01	9.7798142e-01	6.7782122e-01	6.8769394e-01	6.9316120e-01	7.0065254e-01	7.0492580e-01	7.0569272e-01	6.9994878e-01	7.0333851e-01	7.1597120e-01	7.1851556e-01	8.0000000e+00
3.7676168e-01	3.7548018e-01	3.7246845e-01	3.6978454e-01	3.7614401e-01	3.7332753e-01	3.6238027e-01	3.5020178e-01	3.5232511e-01	3.5575595e-01	3.6946899e-01	3.6117815e-01	3.7665414e-01	3.8713559e-01	4.0921955e-01	4.2829378e-01	4.2834494e-01	4.3597295e-01	4.3441170e-01	4.3906480e-01	5.9145210e-01	6.0163203e-01	6.1487046e-01	6.3119955e-01	6.4492599e-01	6.5664116e-01	6.6029399e-01	6.6058951e-01	6.5917796e-01	6.5764501e-01	3.9665043e-01	4.0197861e-01	4.0571892e-01	4.1523390e-01	4.2430785e-01	4.2648801e-01	4.2833965e-01	4.3456871e-01	4.3835197e-01	4.3797628e-01	8.0000000e+00
4.5453019e-01	4.4422024e-01	4.4985250e-01	4.5610915e-01	4.5400496e-01	4.5270497e-01	4.5422375e-01	4.4697019e-01	4.3628489e-01	4.3019856e-01	2.5454850e-01	2.7437059e-01	2.7345851e-01	2.7355622e-01	2.8155276e-01	2.9485223e-01	3.0518250e-01	3.0030911e-01	2.8022817e-01	2.6335439e-01	5.3527220e-01	5.3884884e-01	5.4055937e-01	5.5093296e-01	5.6362041e-01	5.7091960e-01	5.8760595e-01	5.8265272e-01	5.5898635e-01	5.4878189e-01	5.4690008e-01	5.4535418e-01	5.4797249e-01	5.5719781e-01	5.6065922e-01	5.6463267e-01	5.6957620e-01	5.6583274e-01	5.5086651e-01	5.3962174e-01	8.0000000e+00
3.6168063e-01	3.7808372e-01	3.8120728e-01	3.8301876e-01	3.8098137e-01	3.9450468e-01	3.9996524e-01	4.0049682e-01	3.9515952e-01	3.9169009e-01	3.5074996e-01	3.6675584e-01	3.8182237e-01	3.7717858e-01	3.8468137e-01	3.9209092e-01	3.9717574e-01	4.1310963e-01	4.1396494e-01	4.1886870e-01	8.6055798e-01	8.6832692e-01	8.7477971e-01	8.7263817e-01	8.7341758e-01	8.7704620e-01	8.7297761e-01	8.8354770e-01	8.8907839e-01	8.9409803e-01	6.5624887e-01	6.6502112e-01	6.6772653e-01	6.6231810e-01	6.5789263e-01	6.6266833e-01	6.6974642e-01	6.7936163e-01	6.8463725e-01	6.8713297e-01	8.0000000e+00
2.9779960e-01	2.8988892e-01	2.8958259e-01	2.9504766e-01	2.9816951e-01	3.0261788e-01	3.0319845e-01	2.9639721e-01	2.8571203e-01	2.8807367e-01	4.4005632e-01	4.4808243e-01	4.5978402e-01	4.6579361e-01	4.7339222e-01	4.8098097e-01	4.7065966e-01	4.6694539e-01	4.6833323e-01	4.6541172e-01	8.3731776e-01	8.4927911e-01	8.6290815e-01	8.6140391e-01	8.7030315e-01	8.7958169e-01	8.7908852e-01	8.6803576e-01	8.6323603e-01	8.6626271e-01	5.0233671e-01	5.1620690e-01	5.2432102e-01	5.2970965e-01	5.3347726e-01	5.4165342e-01	5.4786127e-01	5.5032883e-01	5.5088688e-01	5.4575420e-01	8.0000000e+00
3.5189756e-01	3.3614091e-01	3.2408604e-01	3.1859026e-01	3.1426531e-01	3.0863336e-01	3.0555762e-01	3.0400147e-01	3.0926649e-01	3.1436096e-01	3.6818987e-01	3.5426646e-01	3.3626600e-01	3.2507486e-01	3.2413244e-01	3.2255821e-01	3.1197711e-01	3.0500651e-01	3.1167787e-01	3.2567164e-01	8.5304125e-01	8.4091378e-01	8.3229386e-01	8.2121554e-01	8.1315016e-01	8.1391087e-01	8.0991672e-01	8.0729000e-01	7.9905926e-01	7.9201378e-01	5.8288517e-01	5.4944531e-01	5.3044613e-01	5.2213649e-01	5.1224486e-01	5.0258690e-01	4.8219541e-01	4.7641278e-01	4.6910847e-01	4.7004258e-01	8.0000000e+00
3.1581135e-01	3.1732508e-01	3.1770764e-01	3.1594446e-01	3.1025756e-01	3.2204562e-01	3.2002265e-01	3.1914436e-01	3.1705391e-01	3.2164239e-01	2.8034190e-01	2.8832229e-01	3.0759340e-01	3.1815219e-01	3.1284501e-01	3.1574466e-01	3.2495294e-01	3.3898539e-01	3.5795502e-01	3.5633243e-01	7.6380598e-01	7.6662818e-01	7.7699169e-01	7.9704170e-01	8.0171684e-01	7.9758776e-01	7.9572169e-01	7.9971998e-01	7.8822633e-01	7.8461453e-01	5.5553179e-01	5.6162552e-01	5.6664012e-01	5.7262956e-01	5.7143592e-01	5.7089048e-01	5.7241780e-01	5.7420627e-01	5.7512901e-01	5.6896340e-01	8.0000000e+00
3.8209087e-01	3.7204320e-01	3.4918926e-01	3.3322136e-01	3.2305902e-01	3.1205898e-01	2.9157769e-01	2.7685292e-01	2.7175589e-01	2.6236238e-01	2.4970285e-01	2.6330582e-01	2.5423939e-01	2.5063111e-01	2.4331682e-01	2.3602845e-01	2.3491466e-01	2.2681346e-01	2.1838466e-01	2.1343596e-01	8.0288008e-01	7.9719718e-01	7.8779290e-01	7.7138540e-01	7.3620494e-01	7.1852020e-01	6.9499277e-01	6.7132282e-01	6.5871698e-01	6.5238296e-01	6.9211051e-01	6.9308010e-01	6.8378372e-01	6.7907717e-01	6.6392676e-01	6.5169078e-01	6.3788971e-01	6.2365916e-01	6.1825164e-01	6.1496744e-01	8.0000000e+00
4.8165806e-01	4.8256703e-01	4.8484763e-01	4.8622449e-01	4.8646777e-01	4.9186921e-01	4.8573886e-01	4.8481897e-01	4.9551242e-01	5.0155520e-01	2.5158440e-01	2.6053616e-01	2.6199284e-01	2.6219950e-01	2.5843512e-01	2.5939078e-01	2.6682759e-01	2.6787582e-01	2.6308003e-01	2.6950665e-01	8.3836366e-01	8.3712473e-01	8.3461727e-01	8.3493803e-01	8.2847003e-01	8.3123217e-01	8.3504584e-01	8.1550460e-01	8.2603761e-01	8.2688530e-01	5.0916419e-01	5.0455074e-01	5.1581147e-01	5.2522654e-01	5.2668160e-01	5.3025194e-01	5.3193841e-01	5.2522181e-01	5.4364927e-01	5.3984450e-01	8.0000000e+00
