1.5274644e-01	1.6272726e-01	1.7555042e-01	1.8367092e-01	1.8926877e-01	2.0459708e-01	2.1822726e-01	2.2194839e-01	2.2195191e-01	2.2777081e-01	6.4613190e-01	6.4721594e-01	6.3382918e-01	6.3822017e-01	6.5692228e-01	6.6137969e-01	6.6529791e-01	6.6903850e-01	6.7359310e-01	6.9186668e-01	5.4607046e-01	5.4360841e-01	5.4633408e-01	5.5048462e-01	5.5026871e-01	5.3395647e-01	5.2569487e-01	5.3287914e-01	5.3414118e-01	5.3424242e-01	7.1011103e-01	7.0183917e-01	6.9463392e-01	6.9303721e-01	6.8889043e-01	6.8291529e-01	6.7630066e-01	6.7542938e-01	6.7754677e-01	6.8167598e-01	1.0000000e+00
3.4598932e-01	3.5014272e-01	3.4210729e-01	3.4689751e-01	3.4943068e-01	3.6119632e-01	3.7149469e-01	3.7307739e-01	3.6722561e-01	3.6625190e-01	7.9931826e-01	7.9925507e-01	8.0367116e-01	8.0761694e-01	8.0541307e-01	8.1644392e-01	8.2248206e-01	8.1124670e-01	7.8414838e-01	7.7594369e-01	7.0506074e-01	7.0258987e-01	6.9368906e-01	6.9255379e-01	7.1303375e-01	7.2028727e-01	7.2214221e-01	7.1679371e-01	7.0724661e-01	7.0500596e-01	7.3407455e-01	7.3236812e-01	7.2973392e-01	7.2835925e-01	7.3743386e-01	7.4073988e-01	7.4336497e-01	7.4835052e-01	7.4600344e-01	7.4438880e-01	1.0000000e+00
2.4630293e-01	2.7502840e-01	3.0913720e-01	3.3940986e-01	3.3898212e-01	3.4663731e-01	3.4487225e-01	3.5235070e-01	3.4635110e-01	3.3263482e-01	7.2142813e-01	7.3481582e-01	7.6207115e-01	7.6783635e-01	7.6976913e-01	7.7556840e-01	7.5575947e-01	7.5547562e-01	7.5990970e-01	7.2394328e-01	6.3210324e-01	6.4027402e-01	6.5694720e-01	6.6873836e-01	6.8084566e-01	7.0115363e-01	7.1171140e-01	7.2581230e-01	7.1817702e-01	7.1804994e-01	7.1446407e-01	7.2404805e-01	7.2734746e-01	7.2868772e-01	7.3399510e-01	7.4056682e-01	7.4797993e-01	7.5660216e-01	7.5761706e-01	7.5632550e-01	1.0000000e+00
1.1610541e-01	1.2796419e-01	1.4201074e-01	1.6058718e-01	1.6530596e-01	1.6399561e-01	1.6414318e-01	1.9231398e-01	2.1171242e-01	2.4008074e-01	6.6459321e-01	6.8209487e-01	7.0362486e-01	7.2539089e-01	7.2180272e-01	7.1620585e-01	7.1419750e-01	7.2204697e-01	7.4779570e-01	7.7782451e-01	5.6189338e-01	5.6827375e-01	5.7825668e-01	5.8345991e-01	5.8571729e-01	5.9703626e-01	5.8455761e-01	5.8874987e-01	5.9598464e-01	6.0642313e-01	6.9947327e-01	7.0056055e-01	7.0399814e-01	6.9950156e-01	6.9475069e-01	6.9451451e-01	6.8477528e-01	6.8831218e-01	6.9427793e-01	7.0364970e-01	1.0000000e+00
2.5601096e-01	2.5269115e-01	2.3644773e-01	2.2667862e-01	2.2825669e-01	2.3073478e-01	2.2884945e-01	2.3317167e-01	2.3041666e-01	2.3285588e-01	7.8241224e-01	7.8406353e-01	7.6928960e-01	7.5935610e-01	7.4826075e-01	7.4896965e-01	7.4583406e-01	7.4989659e-01	7.5615152e-01	7.6636434e-01	6.5740716e-01	6.6568249e-01	6.6234969e-01	6.6531756e-01	6.5255033e-01	6.5127401e-01	6.5674386e-01	6.5738840e-01	6.5853844e-01	6.5406961e-01	7.0566837e-01	7.1155755e-01	7.1361743e-01	7.1017197e-01	7.0263381e-01	6.9686083e-01	6.9969231e-01	7.0107451e-01	7.0160950e-01	7.0135615e-01	1.0000000e+00
2.1157411e-01	2.1702689e-01	2.1868303e-01	2.2141018e-01	2.1330609e-01	2.1523529e-01	2.0620146e-01	2.1563965e-01	2.3987767e-01	2.6025861e-01	7.6880020e-01	7.7146549e-01	7.6132425e-01	7.6464761e-01	7.6660849e-01	7.7260168e-01	7.6732544e-01	7.8761988e-01	8.2250764e-01	8.4820477e-01	5.6146025e-01	5.6662463e-01	5.6356665e-01	5.5456313e-01	5.5961012e-01	5.5147286e-01	5.2889816e-01	5.2549282e-01	5.3637383e-01	5.6311382e-01	7.3051461e-01	7.2950035e-01	7.2813532e-01	7.2250661e-01	7.1802126e-01	7.1191279e-01	7.0100591e-01	7.0216188e-01	7.0412812e-01	7.2115406e-01	1.0000000e+00
2.2652860e-01	2.5627401e-01	2.6244477e-01	2.5952577e-01	2.6012162e-01	2.7100378e-01	2.1942149e-01	1.9381111e-01	1.7372523e-01	1.5160329e-01	6.9784787e-01	7.0185404e-01	7.0613929e-01	6.9627503e-01	7.0168353e-01	6.9825565e-01	6.6603423e-01	6.4361512e-01	6.2760860e-01	6.2329127e-01	6.0721272e-01	6.2172639e-01	6.2653919e-01	6.2241119e-01	6.2947550e-01	6.3291913e-01	6.1854212e-01	6.0212503e-01	5.9869157e-01	5.9828750e-01	7.4455639e-01	7.5190787e-01	7.5176219e-01	7.5091976e-01	7.5589128e-01	7.5417918e-01	7.4346066e-01	7.3551336e-01	7.2767427e-01	7.2469177e-01	1.0000000e+00
1.8495480e-01	1.9188353e-01	1.9815925e-01	2.0680647e-01	1.9949888e-01	2.0621203e-01	2.1466258e-01	2.1937546e-01	2.3043702e-01	2.3034329e-01	6.2640811e-01	6.3124989e-01	6.2557770e-01	6.5620647e-01	6.4591412e-01	6.4800884e-01	6.5971342e-01	6.6566011e-01	6.5898272e-01	6.5289549e-01	5.4914355e-01	5.6597128e-01	5.8202113e-01	6.0523648e-01	6.1813588e-01	6.2563306e-01	6.2083986e-01	6.2214378e-01	6.2143636e-01	6.1157529e-01	6.9333628e-01	6.9927026e-01	7.0695043e-01	7.1451989e-01	7.2513554e-01	7.3147283e-01	7.2711631e-01	7.2392565e-01	7.2143965e-01	7.2347558e-01	1.0000000e+00
4.5700900e-02	5.8305372e-02	6.7531911e-02	8.3956248e-02	1.0595974e-01	1.2630483e-01	1.3273195e-01	1.4023195e-01	1.4963018e-01	1.4762931e-01	5.5790635e-01	5.6773135e-01	5.7730468e-01	5.8968333e-01	6.0370581e-01	6.2032870e-01	6.3296467e-01	6.4366116e-01	6.4685236e-01	6.4816477e-01	5.0553611e-01	5.0766655e-01	5.0348284e-01	5.1224309e-01	5.1362107e-01	5.1769682e-01	5.2544949e-01	5.3797438e-01	5.4812172e-01	5.4585117e-01	6.6660258e-01	6.6851486e-01	6.6452538e-01	6.7300607e-01	6.7645154e-01	6.8023800e-01	6.8434147e-01	6.9012609e-01	6.9725092e-01	6.9768686e-01	1.0000000e+00
7.2474379e-03	4.4601441e-03	1.2538774e-02	2.2574555e-02	3.1424933e-02	4.7366934e-02	5.7039192e-02	7.2294633e-02	7.5541755e-02	8.3277444e-02	6.0862073e-01	6.0837310e-01	6.0531257e-01	6.0563186e-01	6.0949650e-01	6.2017281e-01	6.3664557e-01	6.5841825e-01	6.5040943e-01	6.2736205e-01	4.4296244e-01	4.3477853e-01	4.2360050e-01	4.2088511e-01	4.2231096e-01	4.3353590e-01	4.5242013e-01	4.8137266e-01	4.8606258e-01	4.8454481e-01	6.4739552e-01	6.4827898e-01	6.4867856e-01	6.4398146e-01	6.3759540e-01	6.3790051e-01	6.4274203e-01	6.5077184e-01	6.5176130e-01	6.5677539e-01	1.0000000e+00
8.5607297e-02	7.5808938e-02	7.2060406e-02	6.8107400e-02	5.1272791e-02	4.7667260e-02	4.6107813e-02	5.1692120e-02	5.2080270e-02	6.3507908e-02	4.9704721e-01	4.8638648e-01	4.6709337e-01	4.7620450e-01	4.6955373e-01	4.5829361e-01	4.6158562e-01	4.6537658e-01	4.7189243e-01	4.6987248e-01	5.4540897e-01	5.4021207e-01	5.4362668e-01	5.4220672e-01	5.2916164e-01	5.1918466e-01	5.1805257e-01	5.2182067e-01	5.2795321e-01	5.2936326e-01	6.9826366e-01	6.9800712e-01	6.9375606e-01	6.8861221e-01	6.8035069e-01	6.7703417e-01	6.7632232e-01	6.7160594e-01	6.6726278e-01	6.6151349e-01	1.0000000e+00
1.5085343e-01	1.6377940e-01	1.7030351e-01	1.6904975e-01	1.6455077e-01	1.6759410e-01	1.7343160e-01	1.7996695e-01	1.8560072e-01	1.8151725e-01	6.2702245e-01	6.2762778e-01	6.2048922e-01	6.1171885e-01	5.9607854e-01	5.8664665e-01	5.7468845e-01	5.6735071e-01	5.6991699e-01	5.7108872e-01	6.0990707e-01	6.1712430e-01	6.0931167e-01	6.1074356e-01	6.1021647e-01	6.1693684e-01	6.3000807e-01	6.3820416e-01	6.4774896e-01	6.3527868e-01	7.1033100e-01	7.1706669e-01	7.1337827e-01	7.1826422e-01	7.1608288e-01	7.2277866e-01	7.2776630e-01	7.2577925e-01	7.2970305e-01	7.2764012e-01	1.0000000e+00
2.4168961e-01	2.3864143e-01	2.4458593e-01	2.4600719e-01	2.4637769e-01	2.4587239e-01	2.5499197e-01	2.5853584e-01	2.6536392e-01	2.6522735e-01	7.1815916e-01	7.0848122e-01	7.1015506e-01	7.2106751e-01	7.1618872e-01	7.0377082e-01	7.0398600e-01	6.9094154e-01	6.9318477e-01	6.9747103e-01	6.4201961e-01	6.6161177e-01	6.7963246e-01	6.7125335e-01	6.6613420e-01	6.5745086e-01	6.5430001e-01	6.5393522e-01	6.5239242e-01	6.6743746e-01	7.6365167e-01	7.7288783e-01	7.8190292e-01	7.7790098e-01	7.7330055e-01	7.6675019e-01	7.6673036e-01	7.7392185e-01	7.7061998e-01	7.6859604e-01	1.0000000e+00
0.0000000e+00	3.4163957e-03	3.5482444e-03	9.1672010e-03	1.3782992e-02	1.7174133e-02	2.9942120e-02	4.1805390e-02	5.2113529e-02	7.7282454e-02	4.5036752e-01	4.4991181e-01	4.3660057e-01	4.3756752e-01	4.4453116e-01	4.5188543e-01	4.4768310e-01	4.5009578e-01	4.3710464e-01	4.4875715e-01	4.9573005e-01	4.8913486e-01	4.8358726e-01	5.0021233e-01	4.9472314e-01	4.9857437e-01	4.9949651e-01	5.0914065e-01	5.0127943e-01	5.1767612e-01	6.2870367e-01	6.2305867e-01	6.1145836e-01	6.1058434e-01	6.0544665e-01	5.9654568e-01	5.9176330e-01	5.8639594e-01	5.8698851e-01	6.0449010e-01	1.0000000e+00
1.0501674e-01	1.1877133e-01	1.2983905e-01	1.3871180e-01	1.5405869e-01	1.6805785e-01	1.8945885e-01	2.0122570e-01	2.1692148e-01	2.2906417e-01	6.6583629e-01	6.7485474e-01	6.7627048e-01	6.7736627e-01	6.8137684e-01	6.9800419e-01	7.2340343e-01	7.2783989e-01	7.3762673e-01	7.3475505e-01	5.9213472e-01	5.8860666e-01	5.9048491e-01	5.8072339e-01	5.7913069e-01	5.7832073e-01	5.8135051e-01	5.8831414e-01	6.0891388e-01	6.1066920e-01	7.3266192e-01	7.3484433e-01	7.3834239e-01	7.3838851e-01	7.3394273e-01	7.3100449e-01	7.3241620e-01	7.3712151e-01	7.4723595e-01	7.4844539e-01	1.0000000e+00
1.6965952e-01	1.7019870e-01	1.7506297e-01	1.7589164e-01	1.7987984e-01	1.8001891e-01	1.7945553e-01	1.8896069e-01	1.9493286e-01	1.8701186e-01	6.5523582e-01	6.4771557e-01	6.2742068e-01	6.2917822e-01	6.1806373e-01	6.2341163e-01	6.3388141e-01	6.3623001e-01	6.4478243e-01	6.5635247e-01	5.5907683e-01	5.6599870e-01	5.5680545e-01	5.7917870e-01	5.8434698e-01	5.8361565e-01	5.8707263e-01	5.8226868e-01	5.9570827e-01	6.0235776e-01	7.0494712e-01	7.0257326e-01	6.9418792e-01	7.0055070e-01	7.0815224e-01	7.1026578e-01	7.0919571e-01	7.0418334e-01	7.0940797e-01	7.0582023e-01	1.0000000e+00
1.4925990e-01	1.5094365e-01	1.5546075e-01	1.6836950e-01	1.7388605e-01	1.7503336e-01	1.7894041e-01	1.8819824e-01	2.0662713e-01	2.1797104e-01	7.5505683e-01	7.6026601e-01	7.6276055e-01	7.7125187e-01	7.6955089e-01	7.8320682e-01	7.8421914e-01	7.8634483e-01	7.9002568e-01	8.0008325e-01	6.0051425e-01	6.1510983e-01	6.2810726e-01	6.2929510e-01	6.3533818e-01	6.5010629e-01	6.5123717e-01	6.4722709e-01	6.6187314e-01	6.5825257e-01	7.4686085e-01	7.4502512e-01	7.4603738e-01	7.4536872e-01	7.4204245e-01	7.4432475e-01	7.4337842e-01	7.3944654e-01	7.3366951e-01	7.2823514e-01	1.0000000e+00
6.6876137e-01	6.7614575e-01	6.8400828e-01	6.9680105e-01	7.0873031e-01	7.1410922e-01	7.1266494e-01	7.1962945e-01	7.3219359e-01	7.3771235e-01	1.0947766e-01	1.1380246e-01	1.3700776e-01	1.7797587e-01	1.9936150e-01	2.0608229e-01	2.0760262e-01	2.1696574e-01	2.3076860e-01	2.4418673e-01	3.8205228e-01	3.8898882e-01	4.0780771e-01	4.2818326e-01	4.2666196e-01	4.2969921e-01	4.3283999e-01	4.2882139e-01	4.5142017e-01	4.6316342e-01	7.0236652e-01	7.0574571e-01	7.1215471e-01	7.2606083e-01	7.2895452e-01	7.3027494e-01	7.3074801e-01	7.2773112e-01	7.3621278e-01	7.4366608e-01	2.0000000e+00
7.4981396e-01	7.5437223e-01	7.4899100e-01	7.5665671e-01	7.6565712e-01	7.7288157e-01	7.7514422e-01	7.8057917e-01	7.8693086e-01	7.8825458e-01	3.2365197e-01	3.2169908e-01	3.2710927e-01	3.3543917e-01	3.3657005e-01	3.4063171e-01	3.4147285e-01	3.2362847e-01	3.1507558e-01	3.1560936e-01	5.5925614e-01	5.6167962e-01	5.6780094e-01	5.6610004e-01	5.6973951e-01	5.7464997e-01	5.7814003e-01	5.6354361e-01	5.5114964e-01	5.2556477e-01	8.0890505e-01	8.1248202e-01	8.1613238e-01	8.1888647e-01	8.2315864e-01	8.2782028e-01	8.3183861e-01	8.3056769e-01	8.2871183e-01	8.1501444e-01	2.0000000e+00
6.8124019e-01	6.8197180e-01	6.8334047e-01	6.9983288e-01	7.0508468e-01	7.0052867e-01	6.9319428e-01	6.8504705e-01	6.8486245e-01	6.8495074e-01	2.8839217e-01	3.0006350e-01	3.0814646e-01	3.1154721e-01	3.1312246e-01	3.1273892e-01	3.0689568e-01	3.1604097e-01	3.3518623e-01	3.4032613e-01	4.2557795e-01	4.1419670e-01	4.1242143e-01	4.2642829e-01	4.3539063e-01	4.2936015e-01	4.3211037e-01	4.2525147e-01	4.2077166e-01	4.2518074e-01	7.6818434e-01	7.6468119e-01	7.6279476e-01	7.6620530e-01	7.6691591e-01	7.6566432e-01	7.6720368e-01	7.6605099e-01	7.6452615e-01	7.6781729e-01	2.0000000e+00
6.9154992e-01	6.9600928e-01	6.9206375e-01	6.9460249e-01	6.8957279e-01	6.8601968e-01	6.9158381e-01	6.9560538e-01	6.9413153e-01	6.8776341e-01	2.2169931e-01	2.4570037e-01	2.5893825e-01	2.5377584e-01	2.3256370e-01	2.3405687e-01	2.3541762e-01	2.2969177e-01	2.4143892e-01	2.5466788e-01	4.0559234e-01	4.1732459e-01	4.3898522e-01	4.5316528e-01	4.4663173e-01	4.4328193e-01	4.3783748e-01	4.4650381e-01	4.4663754e-01	4.4291324e-01	7.6712142e-01	7.6846523e-01	7.7298441e-01	7.7497542e-01	7.6836600e-01	7.6432600e-01	7.5954170e-01	7.5771929e-01	7.5152568e-01	7.4669173e-01	2.0000000e+00
6.1774876e-01	6.2331019e-01	6.2694731e-01	6.3494367e-01	6.4784835e-01	6.6617254e-01	6.7093223e-01	6.6585902e-01	6.5854192e-01	6.4995798e-01	2.5322400e-01	2.5910499e-01	2.6003590e-01	2.5111847e-01	2.4807683e-01	2.6023008e-01	2.5410092e-01	2.4957256e-01	2.5011008e-01	2.5301859e-01	3.7571919e-01	3.9461577e-01	4.0077697e-01	4.0498963e-01	4.1477406e-01	4.3274337e-01	4.3888525e-01	4.3813033e-01	4.0708109e-01	3.9838930e-01	7.3259999e-01	7.4503795e-01	7.4763118e-01	7.4954109e-01	7.5505639e-01	7.5938776e-01	7.6309666e-01	7.6537651e-01	7.5412804e-01	7.4636587e-01	2.0000000e+00
5.2617441e-01	5.2706202e-01	5.3030358e-01	5.3192711e-01	5.3709353e-01	5.3629789e-01	5.4787854e-01	5.5218608e-01	5.5733757e-01	5.5187881e-01	2.3609136e-02	3.1578436e-02	4.7733514e-02	5.4434999e-02	5.2829254e-02	4.6364968e-02	5.2122574e-02	7.1973297e-02	7.3514172e-02	5.4954062e-02	3.2894719e-01	3.2985016e-01	3.2419426e-01	3.1108036e-01	3.1405971e-01	3.0457382e-01	3.1737499e-01	3.1696568e-01	3.1493916e-01	3.0422410e-01	7.2447882e-01	7.2376409e-01	7.1985042e-01	7.1151413e-01	7.1273255e-01	7.0956338e-01	7.1809012e-01	7.1801957e-01	7.1859435e-01	7.1319620e-01	2.0000000e+00
6.8064713e-01	6.7410347e-01	6.7192638e-01	6.6875370e-01	6.5856873e-01	6.4963473e-01	6.4504004e-01	6.4804081e-01	6.5498212e-01	6.6046303e-01	1.0476874e-01	9.7119758e-02	9.8831812e-02	8.9911334e-02	8.6922028e-02	8.8792419e-02	7.9983760e-02	9.5330097e-02	1.1591226e-01	1.2540015e-01	3.6095158e-01	3.4838635e-01	3.5855776e-01	3.3728590e-01	3.2103271e-01	2.9439203e-01	2.9669333e-01	2.9073113e-01	2.9907382e-01	2.9309032e-01	7.3737869e-01	7.2748780e-01	7.2541911e-01	7.1045908e-01	6.9895217e-01	6.8584131e-01	6.8359332e-01	6.7763862e-01	6.8256650e-01	6.7963282e-01	2.0000000e+00
5.1944205e-01	5.1950945e-01	5.2093655e-01	5.3743447e-01	5.4998860e-01	5.6679288e-01	5.7937661e-01	5.9574882e-01	6.0995200e-01	6.0900702e-01	8.0347099e-03	6.4097380e-03	0.0000000e+00	1.8629364e-02	2.2197065e-02	4.7106469e-02	6.1822229e-02	8.5815256e-02	8.8317588e-02	7.9458075e-02	3.5403119e-01	3.5258505e-01	3.6079149e-01	3.8815761e-01	3.9964917e-01	4.1248431e-01	4.3058696e-01	4.4688929e-01	4.6634052e-01	4.7030131e-01	6.7289305e-01	6.7304922e-01	6.7685708e-01	6.9149302e-01	6.9900932e-01	7.0549214e-01	7.1482858e-01	7.2014140e-01	7.2944398e-01	7.3347049e-01	2.0000000e+00
6.1527756e-01	6.1681241e-01	6.1496566e-01	6.0337608e-01	6.0234847e-01	6.1921354e-01	6.2809754e-01	6.2953279e-01	6.2231860e-01	6.1590943e-01	8.7644242e-02	9.0240053e-02	8.7173171e-02	8.3302139e-02	9.5754209e-02	1.1871872e-01	1.3340109e-01	1.3249914e-01	1.3580739e-01	1.5738029e-01	2.8944771e-01	2.8782947e-01	2.8299156e-01	2.9125371e-01	2.9404995e-01	3.1036348e-01	3.0550029e-01	3.0347222e-01	2.8712535e-01	2.9166178e-01	7.2029295e-01	7.1821418e-01	7.1845595e-01	7.2047610e-01	7.1982271e-01	7.2610168e-01	7.2337822e-01	7.2314449e-01	7.1940955e-01	7.2099447e-01	2.0000000e+00
6.3377997e-01	6.4034764e-01	6.3514460e-01	6.4603709e-01	6.5241128e-01	6.6134744e-01	6.6333115e-01	6.5682144e-01	6.5909591e-01	6.6322954e-01	1.4131346e-01	1.5005197e-01	1.6141019e-01	1.7697537e-01	1.9520683e-01	2.0101321e-01	2.1582686e-01	2.2674380e-01	2.4130336e-01	2.7054437e-01	3.4020651e-01	3.5181539e-01	3.6283572e-01	3.6714124e-01	3.6085883e-01	3.6561212e-01	3.7406625e-01	3.7631181e-01	3.9188193e-01	4.0887632e-01	7.3730829e-01	7.4231325e-01	7.4556061e-01	7.4450873e-01	7.4347465e-01	7.4752203e-01	7.4931315e-01	7.4512089e-01	7.4615753e-01	7.5146872e-01	2.0000000e+00
4.1296266e-01	4.2165163e-01	4.2061006e-01	4.2476822e-01	4.2538556e-01	4.3529716e-01	4.3842023e-01	4.4692005e-01	4.4799708e-01	4.6046311e-01	5.3311915e-02	7.1057122e-02	7.5198811e-02	9.0674723e-02	1.1016595e-01	1.0770564e-01	1.1444605e-01	1.2385419e-01	1.0655257e-01	1.0211888e-01	0.0000000e+00	7.9262617e-03	9.8964020e-03	3.8237391e-02	7.6666355e-02	8.5665197e-02	1.1082754e-01	1.1937277e-01	1.3026918e-01	1.4577534e-01	5.9933144e-01	6.0660534e-01	6.0791480e-01	6.2016106e-01	6.3385390e-01	6.3931495e-01	6.4476286e-01	6.4866932e-01	6.5208401e-01	6.6458841e-01	2.0000000e+00
6.6043870e-01	6.5483192e-01	6.6382677e-01	6.7026171e-01	6.6789084e-01	6.6418003e-01	6.6084104e-01	6.6188444e-01	6.5468017e-01	6.5247303e-01	1.0493177e-01	9.5231428e-02	1.0240669e-01	1.0826213e-01	1.0903547e-01	1.1578231e-01	1.0449870e-01	9.5529555e-02	7.4809538e-02	6.9847479e-02	3.9962690e-01	3.9713270e-01	4.1496517e-01	4.2076341e-01	4.1208364e-01	4.2325603e-01	4.1875459e-01	4.0781653e-01	3.9232963e-01	3.7788367e-01	7.3086081e-01	7.2886565e-01	7.3747167e-01	7.4118120e-01	7.3957376e-01	7.4651047e-01	7.4365902e-01	7.3826903e-01	7.2759981e-01	7.2325074e-01	2.0000000e+00
6.4098460e-01	6.4553522e-01	6.4187952e-01	6.4253620e-01	6.4539302e-01	6.4681343e-01	6.4998643e-01	6.5474901e-01	6.5524582e-01	6.5363155e-01	2.4239301e-01	2.5898112e-01	2.4987779e-01	2.5719897e-01	2.5506034e-01	2.5269015e-01	2.4848372e-01	2.4787296e-01	2.4613311e-01	2.6018987e-01	3.5754827e-01	3.7698489e-01	3.9235780e-01	4.0846676e-01	4.1345803e-01	4.1865754e-01	4.2791855e-01	4.3104713e-01	4.3439543e-01	4.4671487e-01	7.7200157e-01	7.7983638e-01	7.8463663e-01	7.9157915e-01	7.9747688e-01	7.9851354e-01	7.9873225e-01	7.9675819e-01	7.9836071e-01	8.0199945e-01	2.0000000e+00
7.1507522e-01	7.1407778e-01	7.1705374e-01	7.1572229e-01	7.1891557e-01	7.2811848e-01	7.3074785e-01	7.2743183e-01	7.2087953e-01	7.2534204e-01	2.9158051e-01	2.9028394e-01	3.0480477e-01	3.1458422e-01	3.1602295e-01	3.1305602e-01	3.1074662e-01	3.0919301e-01	3.0282180e-01	3.2131432e-01	4.8302205e-01	4.8253193e-01	4.7442618e-01	4.7502503e-01	4.7487801e-01	4.7367819e-01	4.8201968e-01	4.7483435e-01	4.6870773e-01	4.8569246e-01	8.1762467e-01	8.1742936e-01	8.1465996e-01	8.1079378e-01	8.0891214e-01	8.1261636e-01	8.1391521e-01	8.0948660e-01	8.0062762e-01	8.0715509e-01	2.0000000e+00
5.6420768e-01	5.7545489e-01	5.8112520e-01	5.8287152e-01	5.8774351e-01	6.0115305e-01	6.1232223e-01	6.2016512e-01	6.2473853e-01	6.3337230e-01	2.5504623e-01	2.6663973e-01	2.7008631e-01	2.6891875e-01	2.6101346e-01	2.5510532e-01	2.5625966e-01	2.6836945e-01	2.7514036e-01	2.7611159e-01	3.6445060e-01	3.7388070e-01	3.7901146e-01	3.9028164e-01	3.9135783e-01	3.8949007e-01	4.0199089e-01	4.1480262e-01	4.0771029e-01	4.1852160e-01	7.3998182e-01	7.4661294e-01	7.5445963e-01	7.5848509e-01	7.6243313e-01	7.6220594e-01	7.7079655e-01	7.7426911e-01	7.6987542e-01	7.7965079e-01	2.0000000e+00
5.9941823e-01	6.1111736e-01	6.1491204e-01	6.2043837e-01	6.2542155e-01	6.2658279e-01	6.3392512e-01	6.3436530e-01	6.4192055e-01	6.4734505e-01	3.0378578e-01	3.0769723e-01	2.9525807e-01	2.8111923e-01	2.7683233e-01	2.6658154e-01	2.6509881e-01	2.6242494e-01	2.6568179e-01	2.6501824e-01	3.9691685e-01	4.0720815e-01	4.1177624e-01	4.1221406e-01	4.2070574e-01	4.3187096e-01	4.5240468e-01	4.5431114e-01	4.6330328e-01	4.6104238e-01	7.4289968e-01	7.4889258e-01	7.4900146e-01	7.4563204e-01	7.5465019e-01	7.5391426e-01	7.5657567e-01	7.5418573e-01	7.5405744e-01	7.4879444e-01	2.0000000e+00
5.1853467e-01	5.1692853e-01	5.1266094e-01	5.0731746e-01	5.1250907e-01	5.1011543e-01	5.0561554e-01	5.1112021e-01	5.0734566e-01	5.0674075e-01	8.2988515e-02	8.6212535e-02	8.7964292e-02	7.2470330e-02	6.3893525e-02	5.9045559e-02	4.5897463e-02	3.6666523e-02	3.7717878e-02	2.3152512e-02	2.9634691e-01	3.1205498e-01	3.2481232e-01	3.4433232e-01	3.6264640e-01	3.6343870e-01	3.7313611e-01	3.9061096e-01	3.9707631e-01	3.9153071e-01	6.7804392e-01	6.8497671e-01	6.8962461e-01	6.9412530e-01	7.0020595e-01	7.0467299e-01	7.0911036e-01	7.1607710e-01	7.2288663e-01	7.2064350e-01	2.0000000e+00
5.8681026e-01	5.7512166e-01	5.7316540e-01	5.7162263e-01	5.8591423e-01	5.8503183e-01	5.7790554e-01	5.8834063e-01	5.9526466e-01	6.0676895e-01	4.8911742e-02	5.2163712e-02	5.4676357e-02	6.1451331e-02	8.4037284e-02	8.3457107e-02	9.3741506e-02	1.1559672e-01	1.2850163e-01	1.4957470e-01	3.2688548e-01	3.1828477e-01	3.2471439e-01	3.2689312e-01	3.4875233e-01	3.6375209e-01	3.4046785e-01	3.4178213e-01	3.4701462e-01	3.3748592e-01	6.9983238e-01	6.9436456e-01	6.9678939e-01	6.9649586e-01	7.0975795e-01	7.1330229e-01	7.0074333e-01	7.0395431e-01	7.1117726e-01	7.1337957e-01	2.0000000e+00
6.3573350e-01	6.3741667e-01	6.3889660e-01	6.4322732e-01	6.3630351e-01	6.2107590e-01	6.2256611e-01	6.2874002e-01	6.3055178e-01	6.3108068e-01	4.0417546e-02	3.6021589e-02	3.7138224e-02	5.9691017e-02	6.9938140e-02	8.2757212e-02	1.1189305e-01	1.2943652e-01	1.4844332e-01	1.6014564e-01	2.3114770e-01	2.3648019e-01	2.4393354e-01	2.2903757e-01	2.4458026e-01	2.2806376e-01	2.3850955e-01	2.4551908e-01	2.5477350e-01	2.4084847e-01	7.0710718e-01	7.1288233e-01	7.1821870e-01	7.1428628e-01	7.1737158e-01	7.0245614e-01	7.0246519e-01	7.0548827e-01	7.0665541e-01	6.9991976e-01	2.0000000e+00
6.7050473e-01	6.7266312e-01	6.7236622e-01	6.7601787e-01	6.7760754e-01	6.9169751e-01	6.9411955e-01	6.9928727e-01	7.0109795e-01	6.9503406e-01	2.3692127e-01	2.3838248e-01	2.3032935e-01	2.2835270e-01	2.2624583e-01	2.3396309e-01	2.3620895e-01	2.4528947e-01	2.2969092e-01	2.0849601e-01	4.1113358e-01	4.0724634e-01	4.0611042e-01	3.9794322e-01	3.9623198e-01	4.0871221e-01	4.1108299e-01	4.2349572e-01	4.0411804e-01	3.8317948e-01	7.8487355e-01	7.8595347e-01	7.8833666e-01	7.8612818e-01	7.8419198e-01	7.8972897e-01	7.9353258e-01	7.9979194e-01	7.9161330e-01	7.8505521e-01	2.0000000e+00
1.7953366e-01	1.8359297e-01	1.9055192e-01	1.8913733e-01	1.9793539e-01	2.0249616e-01	2.1862173e-01	2.3797070e-01	2.4559177e-01	2.6222828e-01	7.8369262e-01	7.8904336e-01	7.9203762e-01	7.9579275e-01	8.0305090e-01	8.0530959e-01	8.0115712e-01	8.0841326e-01	8.0962912e-01	8.2996768e-01	8.0222647e-01	7.9611357e-01	7.9386949e-01	7.7373231e-01	7.4576045e-01	7.3103724e-01	7.3441294e-01	7.3444539e-01	7.3547336e-01	7.3947401e-01	9.7757602e-02	8.0764667e-02	7.2275598e-02	4.0639230e-02	1.5643987e-02	0.0000000e+00	2.3094197e-03	1.7103426e-03	1.5157321e-03	1.3409585e-02	3.0000000e+00
5.1194439e-01	5.0224633e-01	4.8149156e-01	4.5458158e-01	4.3747598e-01	4.2682788e-01	4.1822950e-01	4.1065840e-01	4.0385086e-01	3.8870529e-01	8.7291882e-01	8.6955324e-01	8.7819717e-01	8.9224228e-01	9.0978324e-01	8.8652181e-01	8.9558927e-01	9.1557518e-01	9.2304441e-01	9.3102375e-01	8.4207639e-01	8.2943767e-01	8.2777597e-01	8.2701713e-01	8.2769219e-01	8.2585692e-01	8.2179305e-01	8.1670863e-01	8.1930899e-01	8.2250332e-01	1.7316181e-01	1.5765731e-01	1.4581384e-01	1.2825656e-01	1.2095499e-01	1.1278791e-01	1.0948145e-01	1.1208677e-01	1.1342816e-01	1.1528652e-01	3.0000000e+00
4.5108259e-01	4.3918832e-01	4.2092273e-01	4.2682909e-01	4.2163786e-01	4.1467796e-01	3.9513874e-01	3.8564705e-01	3.7553386e-01	3.6341966e-01	6.6579321e-01	6.4808997e-01	6.2700752e-01	6.0773212e-01	6.0419417e-01	6.0151819e-01	6.0954254e-01	6.1911167e-01	6.3324498e-01	6.4467044e-01	7.4121459e-01	7.4818873e-01	7.5965892e-01	7.6642883e-01	7.7146420e-01	7.7845792e-01	7.8385015e-01	7.8303082e-01	7.9053560e-01	7.9777172e-01	1.0198476e-01	1.2145390e-01	1.3638441e-01	1.4469553e-01	1.5853504e-01	1.7123643e-01	1.7846391e-01	1.9583598e-01	2.0064665e-01	2.1137546e-01	3.0000000e+00
3.3976589e-01	3.5251910e-01	3.6650531e-01	3.7461855e-01	3.8271929e-01	3.9711611e-01	4.0997850e-01	4.2052536e-01	4.1087686e-01	4.1722006e-01	6.5417636e-01	6.6407494e-01	6.6888850e-01	6.9208653e-01	7.0089174e-01	7.1423609e-01	7.1917359e-01	7.2318152e-01	7.3833064e-01	7.2972551e-01	8.3626690e-01	8.3149944e-01	8.3352281e-01	8.4321100e-01	8.4404926e-01	8.5139375e-01	8.5661562e-01	8.6110120e-01	8.7599093e-01	8.7647807e-01	2.0822912e-01	1.9651018e-01	2.1149268e-01	2.2536914e-01	2.3290283e-01	2.4215216e-01	2.4332427e-01	2.4541509e-01	2.5736136e-01	2.6648823e-01	3.0000000e+00
3.8204084e-01	3.8945394e-01	3.9100577e-01	3.9793436e-01	3.9591879e-01	3.9627550e-01	3.8943542e-01	3.8248803e-01	3.6647705e-01	3.6073468e-01	6.9026251e-01	7.0044552e-01	7.1736852e-01	7.3076005e-01	7.3805147e-01	7.4499792e-01	7.3609371e-01	7.3000339e-01	7.3178756e-01	7.3476865e-01	7.5747162e-01	7.5467506e-01	7.5764769e-01	7.6351199e-01	7.6170096e-01	7.6196954e-01	7.6039087e-01	7.5822947e-01	7.5292769e-01	7.5461986e-01	2.0344879e-01	2.0579327e-01	2.1067015e-01	2.2002204e-01	2.1978185e-01	2.2916198e-01	2.4010589e-01	2.5210803e-01	2.5937105e-01	2.7530479e-01	3.0000000e+00
3.6232257e-01	3.7646311e-01	3.8409419e-01	3.8055674e-01	3.7932260e-01	3.7823567e-01	3.8144111e-01	3.7983622e-01	3.8528734e-01	3.8470136e-01	5.7823210e-01	5.6731309e-01	5.6085185e-01	5.6950220e-01	5.7227989e-01	5.9328402e-01	6.1022473e-01	6.3593943e-01	6.5258200e-01	6.5188041e-01	6.9997717e-01	6.8646451e-01	6.7505711e-01	6.7140875e-01	6.6507180e-01	6.7027354e-01	6.6791005e-01	6.7241042e-01	6.8238999e-01	6.8542014e-01	2.1943598e-01	2.1643974e-01	2.1787343e-01	2.0888920e-01	2.0791852e-01	2.1123403e-01	2.1222308e-01	2.1824632e-01	2.2722610e-01	2.2774269e-01	3.0000000e+00
3.6633569e-01	3.8033666e-01	3.8242321e-01	3.9992658e-01	4.1622156e-01	4.3176811e-01	4.6335026e-01	4.8013802e-01	4.9631625e-01	5.0998864e-01	6.3191725e-01	6.5657910e-01	6.6978391e-01	6.6944391e-01	6.8464083e-01	6.7738035e-01	6.6784993e-01	6.6690240e-01	6.5776066e-01	6.4919794e-01	7.4792960e-01	7.6817799e-01	7.7593882e-01	7.8223584e-01	8.0350854e-01	8.1865591e-01	8.2479141e-01	8.2335588e-01	8.2006444e-01	8.2278508e-01	1.4933126e-01	1.5926910e-01	1.7717842e-01	2.1034068e-01	2.3148957e-01	2.4220359e-01	2.5128572e-01	2.6248033e-01	2.5725419e-01	2.6050323e-01	3.0000000e+00
3.5436677e-01	3.5449606e-01	3.4680929e-01	3.4577798e-01	3.5024828e-01	3.5387558e-01	3.5606699e-01	3.5732930e-01	3.5632151e-01	3.6125261e-01	6.1522281e-01	6.0058679e-01	6.1763432e-01	6.0439845e-01	5.8450111e-01	5.7880773e-01	5.7382545e-01	5.7906592e-01	5.8473547e-01	5.8691031e-01	7.0602996e-01	7.0885856e-01	7.1199974e-01	7.1230416e-01	7.1389324e-01	7.0960977e-01	7.1780284e-01	7.2061950e-01	7.2374143e-01	7.3169810e-01	1.8372859e-02	1.5819855e-02	2.1644089e-02	1.8107562e-02	1.7589492e-02	1.1583591e-02	2.0334436e-02	3.6798206e-02	6.0340186e-02	7.9301088e-02	3.0000000e+00
2.6886346e-01	2.6923131e-01	2.6216630e-01	2.6956092e-01	2.7697636e-01	2.8584590e-01	2.8006669e-01	2.7498838e-01	2.7362070e-01	2.7308216e-01	5.5605897e-01	5.5712016e-01	5.6979762e-01	5.6966501e-01	5.6850382e-01	5.6910036e-01	5.7488222e-01	5.7443854e-01	5.7031765e-01	5.5767753e-01	6.7654625e-01	6.7048752e-01	6.5869973e-01	6.5082146e-01	6.5139948e-01	6.5441845e-01	6.5102865e-01	6.4318335e-01	6.3244643e-01	6.2748125e-01	1.4821273e-01	1.4048994e-01	1.0027185e-01	8.8423655e-02	7.8890813e-02	7.0007166e-02	6.0998939e-02	5.1850361e-02	4.0565112e-02	3.5374269e-02	3.0000000e+00
3.0272380e-01	3.1661063e-01	3.2451782e-01	3.2829830e-01	3.2311999e-01	3.2246939e-01	3.3129177e-01	3.4066868e-01	3.5659235e-01	3.5855860e-01	5.7708430e-01	5.8175942e-01	5.9096589e-01	6.0756322e-01	6.2108569e-01	6.3453266e-01	6.3682767e-01	6.3422027e-01	6.3178858e-01	6.4656740e-01	7.4885831e-01	7.5348921e-01	7.5580640e-01	7.6069188e-01	7.6887858e-01	7.7157327e-01	7.7254959e-01	7.7053550e-01	7.7062266e-01	7.7590160e-01	8.3653748e-02	8.7813321e-02	9.2188916e-02	9.2311158e-02	8.8682045e-02	9.7184093e-02	1.0552531e-01	1.1028959e-01	1.2099297e-01	1.3738631e-01	3.0000000e+00
2.7118133e-01	2.6280456e-01	2.7024141e-01	2.7138050e-01	2.7605531e-01	2.8331922e-01	2.8715596e-01	2.8490731e-01	2.8004986e-01	2.8180788e-01	6.5899184e-01	6.5388561e-01	6.5063850e-01	6.7144742e-01	6.8859264e-01	6.9801191e-01	7.0211582e-01	7.0940417e-01	7.0651109e-01	7.0511212e-01	6.4184115e-01	6.3983466e-01	6.4088404e-01	6.4767965e-01	6.4373468e-01	6.5438147e-01	6.5569377e-01	6.5529213e-01	6.5828637e-01	6.6073593e-01	3.3803001e-02	4.1984662e-02	4.6956839e-02	5.2914843e-02	5.7831042e-02	6.4079758e-02	7.2793376e-02	8.0611063e-02	8.6990331e-02	9.3820518e-02	3.0000000e+00
2.4011615e-01	2.5622890e-01	2.6406865e-01	2.8399870e-01	2.9738726e-01	3.1162182e-01	3.2136099e-01	3.2788416e-01	3.2649997e-01	3.2613242e-01	5.7130067e-01	5.7325549e-01	5.6988272e-01	5.6429870e-01	5.6884465e-01	5.8871930e-01	5.9923454e-01	6.0420965e-01	6.2118169e-01	6.1970534e-01	6.5972260e-01	6.6644039e-01	6.7219849e-01	6.7352893e-01	6.7834621e-01	6.9576008e-01	7.1043242e-01	7.1453784e-01	7.0686777e-01	7.0056616e-01	4.5761268e-02	6.6232816e-02	6.9850986e-02	7.2905824e-02	7.5879146e-02	7.4949869e-02	7.5021533e-02	7.2807571e-02	6.4440329e-02	6.6547585e-02	3.0000000e+00
2.2113244e-01	2.2483274e-01	2.2126139e-01	2.2748231e-01	2.2270093e-01	2.2147050e-01	2.1980802e-01	2.1606125e-01	2.1192563e-01	2.1179207e-01	5.4823953e-01	5.3902207e-01	5.2335061e-01	5.1387501e-01	5.1356183e-01	5.2272592e-01	5.3878701e-01	5.4544007e-01	5.5437172e-01	5.6804555e-01	6.5399364e-01	6.5297653e-01	6.4340016e-01	6.3991802e-01	6.4067424e-01	6.4715392e-01	6.5049350e-01	6.5757337e-01	6.5935436e-01	6.6696706e-01	1.0675325e-01	1.0673075e-01	9.6347667e-02	8.2660350e-02	6.7703330e-02	7.1048683e-02	7.6603998e-02	7.7418610e-02	7.7433370e-02	7.6482982e-02	3.0000000e+00
1.8806094e-01	1.8322882e-01	1.9508454e-01	2.0540842e-01	2.0727747e-01	2.1822019e-01	2.2996186e-01	2.2770016e-01	2.3883519e-01	2.4313446e-01	6.9870341e-01	7.1546567e-01	7.3929575e-01	7.4647148e-01	7.3338192e-01	7.2679666e-01	7.3370771e-01	7.4206162e-01	7.5184868e-01	7.5018934e-01	7.0622342e-01	7.0914740e-01	7.2087979e-01	7.3651321e-01	7.4313113e-01	7.4902386e-01	7.6486155e-01	7.6775097e-01	7.5994672e-01	7.5971095e-01	1.0801735e-01	1.0863323e-01	1.0607428e-01	1.0374496e-01	1.0821003e-01	1.1122934e-01	1.1817945e-01	1.0807227e-01	8.7421477e-02	8.6866976e-02	3.0000000e+00
3.3601211e-01	3.3811861e-01	3.3760542e-01	3.4352525e-01	3.4761657e-01	3.4678081e-01	3.4899620e-01	3.4290767e-01	3.4734939e-01	3.5594633e-01	7.6642364e-01	7.6854327e-01	7.6352237e-01	7.7957570e-01	8.0017233e-01	8.1180951e-01	8.1526930e-01	8.2429034e-01	8.2517777e-01	8.2641095e-01	7.1852773e-01	7.2530271e-01	7.3577696e-01	7.3695589e-01	7.4178495e-01	7.4707117e-01	7.4586473e-01	7.5224513e-01	7.4984056e-01	7.5263403e-01	8.5636012e-02	9.7735407e-02	1.0119538e-01	1.0655193e-01	1.1027793e-01	1.1457488e-01	1.1451619e-01	1.1131143e-01	1.0401425e-01	1.1939592e-01	3.0000000e+00
3.1317367e-01	3.1702542e-01	3.2781910e-01	3.3676501e-01	3.3857726e-01	3.4056464e-01	3.5375361e-01	3.5630265e-01	3.6008005e-01	3.6379287e-01	8.7108444e-01	8.8418321e-01	8.9739035e-01	9.0023426e-01	9.1906810e-01	9.3001725e-01	9.4108400e-01	9.5338507e-01	9.6534821e-01	9.8021600e-01	7.8923512e-01	7.9290180e-01	7.9519785e-01	7.9799649e-01	8.0514652e-01	8.0697403e-01	8.1795199e-01	8.1059540e-01	8.1180655e-01	8.1030486e-01	1.5958071e-01	1.5350987e-01	1.4292118e-01	1.4306571e-01	1.3054709e-01	1.1559279e-01	1.0332522e-01	9.9857024e-02	9.0446827e-02	8.5373395e-02	3.0000000e+00
3.3742515e-01	3.4230212e-01	3.4859887e-01	3.3652427e-01	3.2349295e-01	3.1536325e-01	3.2797852e-01	3.4184944e-01	3.3890710e-01	3.4813182e-01	9.2013942e-01	9.0225801e-01	8.9802074e-01	9.0328119e-01	9.0614177e-01	8.9910785e-01	9.0852170e-01	9.1932328e-01	9.1192497e-01	9.0360877e-01	8.0357796e-01	7.9444677e-01	7.8421062e-01	7.8453983e-01	7.7479070e-01	7.7168617e-01	7.7679640e-01	7.8896584e-01	7.8454616e-01	7.8261164e-01	6.8442444e-02	6.9599720e-02	6.8840861e-02	6.3569720e-02	5.4908137e-02	5.3694383e-02	5.2010414e-02	7.7151299e-02	9.4182276e-02	1.0752247e-01	3.0000000e+00
2.5829933e-01	2.7264860e-01	2.7724564e-01	2.7848495e-01	2.8348809e-01	3.0645367e-01	3.3029342e-01	3.4990622e-01	3.7123687e-01	3.8926071e-01	8.3833080e-01	8.5283320e-01	8.6062921e-01	8.7603096e-01	8.9421638e-01	9.0374417e-01	9.2151014e-01	9.4323386e-01	9.5228005e-01	9.7973867e-01	7.9682986e-01	7.9515936e-01	7.9395617e-01	8.0108359e-01	8.1061724e-01	8.2116641e-01	8.2621479e-01	8.2821616e-01	8.2131008e-01	8.1798781e-01	1.3322747e-01	1.2917156e-01	1.2009248e-01	1.1593129e-01	1.2393444e-01	1.2727946e-01	1.3205578e-01	1.3683740e-01	1.3461892e-01	1.2443756e-01	3.0000000e+00
3.5187193e-01	3.4958945e-01	3.3858142e-01	3.3372973e-01	3.3469738e-01	3.3518252e-01	3.3685381e-01	3.3967571e-01	3.3854812e-01	3.4302008e-01	7.2528617e-01	7.0981014e-01	7.0295172e-01	7.0885848e-01	7.1232277e-01	7.0648745e-01	7.0992378e-01	7.2094843e-01	7.2860335e-01	7.3051997e-01	7.7710739e-01	7.6935629e-01	7.6998018e-01	7.7006425e-01	7.7148812e-01	7.7068816e-01	7.6796130e-01	7.6635889e-01	7.6738733e-01	7.7623778e-01	2.2417544e-01	2.1746418e-01	2.2440664e-01	2.3445226e-01	2.4158010e-01	2.2810746e-01	2.1905125e-01	2.1478379e-01	2.0953240e-01	2.1573012e-01	3.0000000e+00
2.9639668e-01	3.0813845e-01	3.0786670e-01	3.1546717e-01	3.2858661e-01	3.3378567e-01	3.2247585e-01	3.2270477e-01	3.3170403e-01	3.4089916e-01	6.7208658e-01	6.8608913e-01	6.8040004e-01	6.7784579e-01	6.9461110e-01	6.8968955e-01	6.9029431e-01	6.8645647e-01	6.9021790e-01	6.9509709e-01	8.4929266e-01	8.5722554e-01	8.7089471e-01	8.8168896e-01	8.8737509e-01	9.0017805e-01	9.1111627e-01	9.1007667e-01	9.2094937e-01	9.2125041e-01	2.9685661e-01	3.0687642e-01	3.1991146e-01	3.3130933e-01	3.3157127e-01	3.3806185e-01	3.5181385e-01	3.6206996e-01	3.6011011e-01	3.5181462e-01	3.0000000e+00
5.7695882e-01	5.7008626e-01	5.7294967e-01	5.7855587e-01	5.8626889e-01	5.9507782e-01	5.9738653e-01	6.0581931e-01	6.1318093e-01	6.3034870e-01	4.8932668e-01	5.0477247e-01	5.0598010e-01	5.0876405e-01	5.0949135e-01	5.1808185e-01	5.1532057e-01	5.2562975e-01	5.4183614e-01	5.6562195e-01	8.6746395e-01	8.7066436e-01	8.7546353e-01	8.7330564e-01	8.8138483e-01	8.8713759e-01	8.8726321e-01	8.9502755e-01	8.8846074e-01	8.9560888e-01	8.3605069e-01	8.3822262e-01	8.4090323e-01	8.4277407e-01	8.4623446e-01	8.5313616e-01	8.5412475e-01	8.5909762e-01	8.5900464e-01	8.6223570e-01	4.0000000e+00
7.0715079e-01	7.0523752e-01	6.9623626e-01	6.8200400e-01	6.7408317e-01	6.6288645e-01	6.5177342e-01	6.5224380e-01	6.5758491e-01	6.5340191e-01	4.9461791e-01	4.9324600e-01	4.7246914e-01	4.6417063e-01	4.5787314e-01	4.5220987e-01	4.5556049e-01	4.5273109e-01	4.5485550e-01	4.5843711e-01	8.9970003e-01	8.9479319e-01	8.9510944e-01	8.9174863e-01	8.9166520e-01	8.9370284e-01	8.9010780e-01	8.8533265e-01	8.8209617e-01	8.7269716e-01	8.7185451e-01	8.7439668e-01	8.7835156e-01	8.8208426e-01	8.8620453e-01	8.8861005e-01	8.8964213e-01	8.9272536e-01	8.9507063e-01	8.9327906e-01	4.0000000e+00
5.3188246e-01	5.3213130e-01	5.2696745e-01	5.1571555e-01	5.1651263e-01	5.1597603e-01	5.1373507e-01	5.1914867e-01	5.2361658e-01	5.2795309e-01	4.7551728e-01	4.8467256e-01	4.9665710e-01	4.9022707e-01	4.9636355e-01	4.9914989e-01	5.0185069e-01	5.1500314e-01	5.2525212e-01	5.1584201e-01	8.6606116e-01	8.7533417e-01	8.7652625e-01	8.7141204e-01	8.6929544e-01	8.6218274e-01	8.7045494e-01	8.7830806e-01	8.8243092e-01	8.8856946e-01	8.7412578e-01	8.8217878e-01	8.8829712e-01	8.8872992e-01	8.9143960e-01	8.8891932e-01	8.9349705e-01	8.9550904e-01	8.9556576e-01	8.9553707e-01	4.0000000e+00
7.0524442e-01	7.1793382e-01	7.2018070e-01	7.1588440e-01	7.2179433e-01	7.3219836e-01	7.2995485e-01	7.2789272e-01	7.3107095e-01	7.2513904e-01	5.0857493e-01	5.2627088e-01	5.4756821e-01	5.6070858e-01	5.6420010e-01	5.7127667e-01	5.8655470e-01	5.8180136e-01	5.5889939e-01	5.6020609e-01	7.6273148e-01	7.7147171e-01	7.9125753e-01	8.0480156e-01	8.1036184e-01	8.1490441e-01	8.2546441e-01	8.3199220e-01	8.3476543e-01	8.3377311e-01	8.6751570e-01	8.7340663e-01	8.8029566e-01	8.8331479e-01	8.8110273e-01	8.7713915e-01	8.7462128e-01	8.7080086e-01	8.6563048e-01	8.5985008e-01	4.0000000e+00
5.7126158e-01	5.8394632e-01	5.9373357e-01	6.0339267e-01	6.0942757e-01	6.1194527e-01	6.0788136e-01	6.1718238e-01	6.1956765e-01	6.2868929e-01	3.8072719e-01	3.8316349e-01	3.9804513e-01	3.9634988e-01	3.9822799e-01	3.8512116e-01	3.7112522e-01	3.6327269e-01	3.6689643e-01	3.5455640e-01	5.5552467e-01	5.6623998e-01	5.8193496e-01	6.0401062e-01	6.0489034e-01	5.9902086e-01	5.6903859e-01	6.5036531e-01	6.4697601e-01	6.5474693e-01	7.3141108e-01	7.2984239e-01	7.3882499e-01	7.4724764e-01	7.4273789e-01	7.3954756e-01	7.2442470e-01	7.6397481e-01	7.5940220e-01	7.6154238e-01	4.0000000e+00
7.1357200e-01	7.1952973e-01	7.2911066e-01	7.2839842e-01	7.1947383e-01	7.1161311e-01	7.1096141e-01	7.2135314e-01	7.2447403e-01	7.2277655e-01	5.3402989e-01	5.3772559e-01	5.4142452e-01	5.4336303e-01	5.5185676e-01	5.4993645e-01	5.5125827e-01	5.7652980e-01	5.8966724e-01	5.8999296e-01	7.8038461e-01	7.7028600e-01	7.5823058e-01	7.5109948e-01	7.4704163e-01	7.4460296e-01	7.4004161e-01	7.3717693e-01	7.3889858e-01	7.4073884e-01	8.5706777e-01	8.6088392e-01	8.6158143e-01	8.6215086e-01	8.6138916e-01	8.6520237e-01	8.6501976e-01	8.6427054e-01	8.6952633e-01	8.7585562e-01	4.0000000e+00
6.0337210e-01	6.0581895e-01	6.1460325e-01	6.2418174e-01	6.2468353e-01	6.2374693e-01	6.2835840e-01	6.3742445e-01	6.4597446e-01	6.5070835e-01	4.7428442e-01	4.6036778e-01	4.5843412e-01	4.6213103e-01	4.6656020e-01	4.6785165e-01	4.7528329e-01	4.8931433e-01	5.0514724e-01	5.0845026e-01	7.3832937e-01	7.4045428e-01	7.3752231e-01	7.4110793e-01	7.4972987e-01	7.4881163e-01	7.4345661e-01	7.4216706e-01	7.6159529e-01	7.9298965e-01	8.0921814e-01	8.1572338e-01	8.1806448e-01	8.2259670e-01	8.3027972e-01	8.3446710e-01	8.3042348e-01	8.3121960e-01	8.4040454e-01	8.5075652e-01	4.0000000e+00
5.2035014e-01	5.2722889e-01	5.2686188e-01	5.3365796e-01	5.3732348e-01	5.4934233e-01	5.6012390e-01	5.6769896e-01	5.6752936e-01	5.6853888e-01	4.8435580e-01	5.0634550e-01	5.1881786e-01	5.2354815e-01	5.3008076e-01	5.3055727e-01	5.2014558e-01	5.2398800e-01	5.2644461e-01	5.4184909e-01	7.6905605e-01	7.8132699e-01	7.8594692e-01	7.9328371e-01	7.8386139e-01	7.9197870e-01	8.0315358e-01	7.9917165e-01	8.0084403e-01	8.0601298e-01	8.0074634e-01	8.0689189e-01	8.1492346e-01	8.1851060e-01	8.1799927e-01	8.2055511e-01	8.3023006e-01	8.3022955e-01	8.3531252e-01	8.3488799e-01	4.0000000e+00
5.8173191e-01	5.8121590e-01	5.8250579e-01	5.8803408e-01	5.9487541e-01	6.0503064e-01	6.0753118e-01	6.0552275e-01	6.0659997e-01	5.9875707e-01	4.7240265e-01	4.8416008e-01	4.9104528e-01	4.8112205e-01	4.8872914e-01	4.8509984e-01	4.7735681e-01	4.7679118e-01	4.6514347e-01	4.6137712e-01	7.0132124e-01	6.9618092e-01	6.9042793e-01	6.9217891e-01	6.9481351e-01	6.8540617e-01	6.8192246e-01	6.7434366e-01	6.6695360e-01	6.6653326e-01	7.5914657e-01	7.5948467e-01	7.6151230e-01	7.6561776e-01	7.6115110e-01	7.5216963e-01	7.4711497e-01	7.4365074e-01	7.4731596e-01	7.4719039e-01	4.0000000e+00
6.2608246e-01	6.3075738e-01	6.3050516e-01	6.3049884e-01	6.2573142e-01	6.2779650e-01	6.2520943e-01	6.3590061e-01	6.4946596e-01	6.5516236e-01	4.5960387e-01	4.6669918e-01	4.6829821e-01	4.7776603e-01	4.7809370e-01	5.0076838e-01	5.1621612e-01	5.2533513e-01	5.2608351e-01	5.4258017e-01	7.2786925e-01	7.2826690e-01	7.2683530e-01	7.2612963e-01	7.1717262e-01	7.2223793e-01	7.2088029e-01	7.2259182e-01	7.2235865e-01	7.2734587e-01	7.6744270e-01	7.6823010e-01	7.7369764e-01	7.7187920e-01	7.6530286e-01	7.6885083e-01	7.6343470e-01	7.5847118e-01	7.5378417e-01	7.5446138e-01	4.0000000e+00
7.0756278e-01	7.1182664e-01	7.0776706e-01	7.0925949e-01	7.0932420e-01	7.0218539e-01	6.9870395e-01	6.9856890e-01	6.9666400e-01	6.9984429e-01	5.3304456e-01	5.2926338e-01	5.3005776e-01	5.1822807e-01	5.2587152e-01	5.3193406e-01	5.3704631e-01	5.4024169e-01	5.3587631e-01	5.2320646e-01	8.4597216e-01	8.5276160e-01	8.5411731e-01	8.6084086e-01	8.6739927e-01	8.7014496e-01	8.7726650e-01	8.7686110e-01	8.6615932e-01	8.6233315e-01	7.6797336e-01	7.7422837e-01	7.7683472e-01	7.7400288e-01	7.8558532e-01	7.8921681e-01	7.9382163e-01	7.8908538e-01	7.8896340e-01	7.8781942e-01	4.0000000e+00
6.6267923e-01	6.5934059e-01	6.6075719e-01	6.5979656e-01	6.5705386e-01	6.5664669e-01	6.5571893e-01	6.5207163e-01	6.5124939e-01	6.5106582e-01	5.2515162e-01	5.2218551e-01	5.1619500e-01	5.1290498e-01	5.0835076e-01	4.9846543e-01	4.9702877e-01	4.9325915e-01	4.8621927e-01	4.9317263e-01	8.1407503e-01	8.2780434e-01	8.3187284e-01	8.2342950e-01	8.2132784e-01	8.2281684e-01	8.2253758e-01	8.2256877e-01	8.2236807e-01	8.2473823e-01	8.3440772e-01	8.3845019e-01	8.3802558e-01	8.4314006e-01	8.4595128e-01	8.5168174e-01	8.5852921e-01	8.5761622e-01	8.5927703e-01	8.6043070e-01	4.0000000e+00
7.0332494e-01	7.0271486e-01	7.0845972e-01	7.1490897e-01	7.1412479e-01	7.2304319e-01	7.2559423e-01	7.2742475e-01	7.2590845e-01	7.2749227e-01	5.3068382e-01	5.3499161e-01	5.3010823e-01	5.3195506e-01	5.2953503e-01	5.3140481e-01	5.3843889e-01	5.4580466e-01	5.3974252e-01	5.3533266e-01	8.6930482e-01	8.6448049e-01	8.6530363e-01	8.6611718e-01	8.5807793e-01	8.5067241e-01	8.4224492e-01	8.4656945e-01	8.3925182e-01	8.3099686e-01	7.8633723e-01	7.8516207e-01	7.8136096e-01	7.7959557e-01	7.7611396e-01	7.7025362e-01	7.5407960e-01	7.4763117e-01	7.3546492e-01	7.2802136e-01	4.0000000e+00
6.9645387e-01	6.8384523e-01	6.7288775e-01	6.6966544e-01	6.7168418e-01	6.6490941e-01	6.6768966e-01	6.6440829e-01	6.5774125e-01	6.6249633e-01	4.5912226e-01	4.6824003e-01	4.7487666e-01	4.6474009e-01	4.4954155e-01	4.3842568e-01	4.4604365e-01	4.5929065e-01	4.5068872e-01	4.5355124e-01	7.7786373e-01	7.7675068e-01	7.7117454e-01	7.6477001e-01	7.5253212e-01	7.4347544e-01	7.4708840e-01	7.4284306e-01	7.3793394e-01	7.5012727e-01	7.6058418e-01	7.4567486e-01	7.3888134e-01	7.3278355e-01	7.2741338e-01	7.2135716e-01	7.2002452e-01	7.2285937e-01	7.2867017e-01	7.2972525e-01	4.0000000e+00
6.0522851e-01	6.0848077e-01	6.1238638e-01	6.1303371e-01	6.2129879e-01	6.2689298e-01	6.3323436e-01	6.3450282e-01	6.2814004e-01	6.2341880e-01	4.6184186e-01	4.5763011e-01	4.6199501e-01	4.7023910e-01	4.8313334e-01	4.9411380e-01	5.0757911e-01	5.3605121e-01	5.2735820e-01	5.1788441e-01	7.7926275e-01	7.8298320e-01	7.8567798e-01	7.8699567e-01	7.8971195e-01	7.9057473e-01	7.9775947e-01	8.0832053e-01	8.0510871e-01	8.0447272e-01	7.9851313e-01	7.9696602e-01	7.9374009e-01	7.9084970e-01	7.9008747e-01	7.8944407e-01	7.9082867e-01	7.9505720e-01	7.9526597e-01	7.9742338e-01	4.0000000e+00
5.7652748e-01	5.8489003e-01	5.9242534e-01	6.0235144e-01	6.1537878e-01	6.1793666e-01	6.1771546e-01	6.2382302e-01	6.2153366e-01	6.2989339e-01	5.1070744e-01	5.1485505e-01	5.1312452e-01	5.1501138e-01	4.9903300e-01	5.0581937e-01	5.0658131e-01	5.0157933e-01	5.0707497e-01	5.0378082e-01	8.3380254e-01	8.2118652e-01	8.2701771e-01	8.2714051e-01	8.2656490e-01	8.2902711e-01	8.3256420e-01	8.3497664e-01	8.3913171e-01	8.4454187e-01	7.9025042e-01	7.8846077e-01	8.0251224e-01	8.0567576e-01	8.0095543e-01	7.9412883e-01	7.9498821e-01	7.9248390e-01	7.9255992e-01	7.9278034e-01	4.0000000e+00
5.8309623e-01	5.9222903e-01	5.9372143e-01	5.8703547e-01	5.8595246e-01	5.8712147e-01	5.9182851e-01	5.9920188e-01	6.0181769e-01	6.1025202e-01	4.9670223e-01	4.8855750e-01	4.8093639e-01	4.7304390e-01	4.6636969e-01	4.6570501e-01	4.7993021e-01	4.9473605e-01	5.0697383e-01	5.1287283e-01	8.2235510e-01	8.2875193e-01	8.2827030e-01	8.3030036e-01	8.3093798e-01	8.2831669e-01	8.3461465e-01	8.4580321e-01	8.5546074e-01	8.6458725e-01	8.3479008e-01	8.3943001e-01	8.4643795e-01	8.4935946e-01	8.5121831e-01	8.5363359e-01	8.5616643e-01	8.6175159e-01	8.6646545e-01	8.6837208e-01	4.0000000e+00
4.7734278e-01	4.8106644e-01	4.8384748e-01	4.9432349e-01	5.0830349e-01	5.1935770e-01	5.2472754e-01	5.3359161e-01	5.4308367e-01	5.5728241e-01	4.1005925e-01	3.9545275e-01	3.7953878e-01	3.6894093e-01	3.6373375e-01	3.6260532e-01	3.7245230e-01	3.7622036e-01	3.8017154e-01	3.8583453e-01	7.0681455e-01	7.0461374e-01	7.0230465e-01	6.9373288e-01	7.0285416e-01	7.0880533e-01	7.1904072e-01	7.0834339e-01	7.1778741e-01	7.2639444e-01	8.5070689e-01	8.4868450e-01	8.4784258e-01	8.3778431e-01	8.3043098e-01	8.3362585e-01	8.3815783e-01	8.3171033e-01	8.3098055e-01	8.2174281e-01	4.0000000e+00
6.5885827e-01	6.6815415e-01	6.6450859e-01	6.6618701e-01	6.7011424e-01	6.7013033e-01	6.6425835e-01	6.6222711e-01	6.6716313e-01	6.6964743e-01	5.4302534e-01	5.4436358e-01	5.4243251e-01	5.3521294e-01	5.4145068e-01	5.4125086e-01	5.4669748e-01	5.5956404e-01	5.5701755e-01	5.4588488e-01	8.7093731e-01	8.6827937e-01	8.5334238e-01	8.4271178e-01	8.3066779e-01	8.2234371e-01	8.1906564e-01	8.1992588e-01	8.1970707e-01	8.1034627e-01	9.4279476e-01	9.4183941e-01	9.3031574e-01	9.2583834e-01	9.2467859e-01	9.2526927e-01	9.2187662e-01	9.1938676e-01	9.1761226e-01	9.1268866e-01	4.0000000e+00
6.7925474e-01	6.8483130e-01	6.8426746e-01	6.8501255e-01	6.7004532e-01	6.7142444e-01	6.7480579e-01	6.8481644e-01	6.8458365e-01	6.7794107e-01	5.8768047e-01	5.9927588e-01	6.0172969e-01	6.2306856e-01	6.4702601e-01	6.5970717e-01	6.8074784e-01	6.9206783e-01	7.0234986e-01	6.9294032e-01	9.2911418e-01	9.3511709e-01	9.4084215e-01	9.5338091e-01	9.5996660e-01	9.6194973e-01	9.6723382e-01	9.6978497e-01	9.7569061e-01	9.7204136e-01	9.1358311e-01	9.1530006e-01	9.1806979e-01	9.2574765e-01	9.2871161e-01	9.3095063e-01	9.3925053e-01	9.4693084e-01	9.5038933e-01	9.5363016e-01	5.0000000e+00
7.8135168e-01	7.8149129e-01	7.8812241e-01	7.9205632e-01	7.9329176e-01	7.9329835e-01	7.8703186e-01	7.9419583e-01	7.8881499e-01	7.8621571e-01	7.7407389e-01	7.7108328e-01	7.6513878e-01	7.6936241e-01	7.6985080e-01	7.8357483e-01	8.1085270e-01	8.1496815e-01	8.1377951e-01	8.0607338e-01	8.9188952e-01	9.0203037e-01	9.0579875e-01	9.1405838e-01	9.2657079e-01	9.4123432e-01	9.4455906e-01	9.5109502e-01	9.5575438e-01	9.6155324e-01	9.1113647e-01	9.1135113e-01	9.0480044e-01	8.9944823e-01	8.9969720e-01	9.0366021e-01	9.0004587e-01	8.9744824e-01	8.9495423e-01	8.9535692e-01	5.0000000e+00
7.5689305e-01	7.6486968e-01	7.6846892e-01	7.5954026e-01	7.5626859e-01	7.5880199e-01	7.4850526e-01	7.5267766e-01	7.5580335e-01	7.5792149e-01	7.8337892e-01	7.7409884e-01	7.7616493e-01	7.5389467e-01	7.4381847e-01	7.3661588e-01	7.4542262e-01	7.4543382e-01	7.3849802e-01	7.5389183e-01	9.4414346e-01	9.4984960e-01	9.6320947e-01	9.6994575e-01	9.7326848e-01	9.7608524e-01	9.6562474e-01	9.6373025e-01	9.5851348e-01	9.5612578e-01	9.3128751e-01	9.3483393e-01	9.4019942e-01	9.4705078e-01	9.5336218e-01	9.5442646e-01	9.5556618e-01	9.5814994e-01	9.5836454e-01	9.6072795e-01	5.0000000e+00
6.5738551e-01	6.6269507e-01	6.6938257e-01	6.7117039e-01	6.7347970e-01	6.8027631e-01	6.9099013e-01	6.9618438e-01	6.9975612e-01	6.9701260e-01	6.3073850e-01	6.3884258e-01	6.5537680e-01	6.6867281e-01	6.7247434e-01	6.8082090e-01	6.9243272e-01	6.9271576e-01	6.9780441e-01	7.0017843e-01	7.7016514e-01	7.6266934e-01	7.7204417e-01	7.6903036e-01	7.7085544e-01	7.7454173e-01	7.9283524e-01	7.8898328e-01	7.8493693e-01	7.8664528e-01	9.0534963e-01	9.0277855e-01	9.0633869e-01	9.0139905e-01	9.0093240e-01	9.0508349e-01	9.1776599e-01	9.1642426e-01	9.1567138e-01	9.1812031e-01	5.0000000e+00
7.7901375e-01	7.7444584e-01	7.8340866e-01	7.8543869e-01	7.8919482e-01	7.9029720e-01	7.8641074e-01	7.7836250e-01	7.7121475e-01	7.7047273e-01	6.6918771e-01	6.8228186e-01	7.1578524e-01	7.2761793e-01	7.3349004e-01	7.2226422e-01	7.1441324e-01	7.0489942e-01	7.2148064e-01	7.2563744e-01	8.1254289e-01	8.0669998e-01	7.9823811e-01	7.8793353e-01	7.8593133e-01	7.8076503e-01	7.7854300e-01	7.7597820e-01	7.7461338e-01	7.8095341e-01	9.2162493e-01	9.2020140e-01	9.1822114e-01	9.1141868e-01	9.0909003e-01	9.0764620e-01	9.0311329e-01	8.9769090e-01	8.9234736e-01	8.8925653e-01	5.0000000e+00
7.5343489e-01	7.5655550e-01	7.6503040e-01	7.6172864e-01	7.5939157e-01	7.5669492e-01	7.5357584e-01	7.4472479e-01	7.4329656e-01	7.5328195e-01	7.5732183e-01	7.6419038e-01	7.7720501e-01	7.9305421e-01	8.1562156e-01	8.1919008e-01	8.2241299e-01	8.3389896e-01	8.1936090e-01	8.2576754e-01	9.2870448e-01	9.3909043e-01	9.5391729e-01	9.5534989e-01	9.5726866e-01	9.6150742e-01	9.6662225e-01	9.7405251e-01	9.7691903e-01	9.7469110e-01	9.0154214e-01	9.0743841e-01	9.1592965e-01	9.1984233e-01	9.2154940e-01	9.2253047e-01	9.2480766e-01	9.2609178e-01	9.3055698e-01	9.2674051e-01	5.0000000e+00
7.2697296e-01	7.3310579e-01	7.3818255e-01	7.5096245e-01	7.5685871e-01	7.6215752e-01	7.5711842e-01	7.4975710e-01	7.4990274e-01	7.4970837e-01	7.7862827e-01	7.9274221e-01	8.0475238e-01	8.0305575e-01	7.9979407e-01	8.0666757e-01	7.9789391e-01	8.0436937e-01	8.0505891e-01	8.0478685e-01	8.2301476e-01	8.2412058e-01	8.3289033e-01	8.4034697e-01	8.4075214e-01	8.4366896e-01	8.3898007e-01	8.3655159e-01	8.3821155e-01	8.5469226e-01	9.3994101e-01	9.4010611e-01	9.3630171e-01	9.3377939e-01	9.3222500e-01	9.3189815e-01	9.3561182e-01	9.3186523e-01	9.3010570e-01	9.4058134e-01	5.0000000e+00
7.9030709e-01	7.9396443e-01	7.9658784e-01	7.9747491e-01	7.9394675e-01	7.9179644e-01	7.9330019e-01	7.9298256e-01	7.8973172e-01	7.9641824e-01	8.1727372e-01	8.2639715e-01	8.2939414e-01	8.3102720e-01	8.1904773e-01	8.0864147e-01	8.0833380e-01	8.0772933e-01	7.9913782e-01	8.0116863e-01	8.4615626e-01	8.3877268e-01	8.3949110e-01	8.3335405e-01	8.3191288e-01	8.3165602e-01	8.3080377e-01	8.2375064e-01	8.2055718e-01	8.2401820e-01	9.1897023e-01	9.1866413e-01	9.2869727e-01	9.2411323e-01	9.2276735e-01	9.2053384e-01	9.1862731e-01	9.1506206e-01	9.1006262e-01	9.1190175e-01	5.0000000e+00
7.2922112e-01	7.3071330e-01	7.3109912e-01	7.4197946e-01	7.4648396e-01	7.4546651e-01	7.4800431e-01	7.5569946e-01	7.4923299e-01	7.5107931e-01	6.3714918e-01	6.3009140e-01	6.3503705e-01	6.4161827e-01	6.4816663e-01	6.5427273e-01	6.5814858e-01	6.4395140e-01	6.3813607e-01	6.6425027e-01	8.1577301e-01	8.1815059e-01	8.3284341e-01	8.5689827e-01	8.7192301e-01	8.8282986e-01	8.9741197e-01	8.9467112e-01	8.9849631e-01	9.0667817e-01	8.8977549e-01	8.9420647e-01	8.9887784e-01	9.0306952e-01	9.0735324e-01	9.1237225e-01	9.1534883e-01	9.1429186e-01	9.1602976e-01	9.1786140e-01	5.0000000e+00
7.0411204e-01	7.0684966e-01	7.1078175e-01	7.1341304e-01	7.1288135e-01	7.1808358e-01	7.2680726e-01	7.3722504e-01	7.5533399e-01	7.5411896e-01	6.6332162e-01	6.7287435e-01	6.8291356e-01	6.9236175e-01	6.9631365e-01	6.9729515e-01	6.9859281e-01	7.1605929e-01	7.2761809e-01	7.3112383e-01	8.6834196e-01	8.7029384e-01	8.6277149e-01	8.5785595e-01	8.5608982e-01	8.5080866e-01	8.5632730e-01	8.6041916e-01	8.6420221e-01	8.6351210e-01	9.3863865e-01	9.3787864e-01	9.3187492e-01	9.3099987e-01	9.2908893e-01	9.2100362e-01	9.1737452e-01	9.1777803e-01	9.1802638e-01	9.1234819e-01	5.0000000e+00
6.7418353e-01	6.7675754e-01	6.9375935e-01	7.0237516e-01	7.0208777e-01	7.0505076e-01	7.1012278e-01	7.0809896e-01	7.0942671e-01	7.1368924e-01	7.0321716e-01	7.1822789e-01	7.2630376e-01	7.5367178e-01	7.6580962e-01	7.5883279e-01	7.4596374e-01	7.2460211e-01	7.1673272e-01	7.0887573e-01	7.9902820e-01	8.0104362e-01	8.0994743e-01	8.1778743e-01	8.3103841e-01	8.3704060e-01	8.4144606e-01	8.3777002e-01	8.3478394e-01	8.3503657e-01	8.8273918e-01	8.8471629e-01	8.8897220e-01	8.9313501e-01	9.0003910e-01	9.0348929e-01	9.0623667e-01	9.0846938e-01	9.1197079e-01	9.1640436e-01	5.0000000e+00
7.9163106e-01	7.9571164e-01	8.0067005e-01	8.0293258e-01	8.0178393e-01	8.0240029e-01	8.1515548e-01	8.1641804e-01	8.1819697e-01	8.2276223e-01	6.2911690e-01	6.2445805e-01	6.2988851e-01	6.4934939e-01	6.4478190e-01	6.5736152e-01	6.7334593e-01	6.9163247e-01	7.1830808e-01	7.3946596e-01	8.1864870e-01	8.1938436e-01	8.2127617e-01	8.2097898e-01	8.2444133e-01	8.2618731e-01	8.3112336e-01	8.3457639e-01	8.3783236e-01	8.4045498e-01	9.1275520e-01	9.0846664e-01	9.0854967e-01	9.0534123e-01	9.0221137e-01	8.9749139e-01	8.9390833e-01	8.8838117e-01	8.8191845e-01	8.7460116e-01	5.0000000e+00
7.3528458e-01	7.3672084e-01	7.3411569e-01	7.3257031e-01	7.3606301e-01	7.3279108e-01	7.3533161e-01	7.3420912e-01	7.2993703e-01	7.2613319e-01	8.4112083e-01	8.4199103e-01	8.5749941e-01	8.6160530e-01	8.5555868e-01	8.6138641e-01	8.6608461e-01	8.6789254e-01	8.8085063e-01	9.1229638e-01	8.3612608e-01	8.3375067e-01	8.3424448e-01	8.2671002e-01	8.1806614e-01	8.1342290e-01	8.1426885e-01	8.1569605e-01	8.1555548e-01	8.1280899e-01	9.0446158e-01	9.0585631e-01	9.0419956e-01	9.0404226e-01	9.0571119e-01	9.0837301e-01	9.0807996e-01	9.0949211e-01	9.1173394e-01	9.1574699e-01	5.0000000e+00
6.9888974e-01	7.0173998e-01	7.0712955e-01	7.1819155e-01	7.3254153e-01	7.3867772e-01	7.4442655e-01	7.5112109e-01	7.5360147e-01	7.5098007e-01	8.1115576e-01	8.0415441e-01	7.9298527e-01	7.8478131e-01	8.0029710e-01	7.8895207e-01	7.8128568e-01	7.6651611e-01	7.5036514e-01	7.5035665e-01	8.4432868e-01	8.4537375e-01	8.5758331e-01	8.6119015e-01	8.6425931e-01	8.7229629e-01	8.7670306e-01	8.7603641e-01	8.8096042e-01	8.8955703e-01	9.1011748e-01	9.1280212e-01	9.2147083e-01	9.2396270e-01	9.2928050e-01	9.3156819e-01	9.3413247e-01	9.3524994e-01	9.3974743e-01	9.4301611e-01	5.0000000e+00
6.5927614e-01	6.6794796e-01	6.7019580e-01	6.6489278e-01	6.5634315e-01	6.5792532e-01	6.6226194e-01	6.6019301e-01	6.5845539e-01	6.5421292e-01	5.0255570e-01	5.2982910e-01	5.3535420e-01	5.4770015e-01	5.5590739e-01	5.4567462e-01	5.4004314e-01	5.4721058e-01	5.5904092e-01	5.7020471e-01	9.0218129e-01	9.0964685e-01	9.1216625e-01	9.1464285e-01	9.1151807e-01	9.2740842e-01	9.3221086e-01	9.3277027e-01	9.2717452e-01	9.2511628e-01	9.1527100e-01	9.1638495e-01	9.2080010e-01	9.2101594e-01	9.1559255e-01	9.2152697e-01	9.2558327e-01	9.2691748e-01	9.2908858e-01	9.3157006e-01	5.0000000e+00
6.2825735e-01	6.4247753e-01	6.4818044e-01	6.5466122e-01	6.7190547e-01	6.9520274e-01	7.0441940e-01	7.0677580e-01	7.1480321e-01	7.2375741e-01	4.7996042e-01	4.8466395e-01	4.9069355e-01	4.9780377e-01	5.2331108e-01	5.6465691e-01	5.9973317e-01	6.0833705e-01	6.2537582e-01	6.3297750e-01	8.2536072e-01	8.3289779e-01	8.3497160e-01	8.3098217e-01	8.3536313e-01	8.4632466e-01	8.4906938e-01	8.5322183e-01	8.6347397e-01	8.7131442e-01	9.2895699e-01	9.3035369e-01	9.2955111e-01	9.2647963e-01	9.2591718e-01	9.3453934e-01	9.3144158e-01	9.3224219e-01	9.3833714e-01	9.4092388e-01	5.0000000e+00
7.3470094e-01	7.3221853e-01	7.2989249e-01	7.2591801e-01	7.2079115e-01	7.2224815e-01	7.2238421e-01	7.1817294e-01	7.1798731e-01	7.2042606e-01	6.8776395e-01	6.9861017e-01	6.9011003e-01	6.8811632e-01	6.8739922e-01	6.8887579e-01	7.0762966e-01	7.2957067e-01	7.2297053e-01	7.1092768e-01	9.2902163e-01	9.3507742e-01	9.2908167e-01	9.2975369e-01	9.3050762e-01	9.3309296e-01	9.3252807e-01	9.4151785e-01	9.4062682e-01	9.3000404e-01	9.5714860e-01	9.5919664e-01	9.5531624e-01	9.5790244e-01	9.5872328e-01	9.6222548e-01	9.6748297e-01	9.7283730e-01	9.7497515e-01	9.7274969e-01	5.0000000e+00
7.1258738e-01	7.1740704e-01	7.2805142e-01	7.2886570e-01	7.3071582e-01	7.2668009e-01	7.2041446e-01	7.1266643e-01	7.1078799e-01	7.1079411e-01	6.6611527e-01	6.7471393e-01	6.8774958e-01	6.9686622e-01	6.9011110e-01	6.8268901e-01	6.7309632e-01	6.7459704e-01	6.8305925e-01	7.0106148e-01	8.3101621e-01	8.3981956e-01	8.4082823e-01	8.5142060e-01	8.6077346e-01	8.6793113e-01	8.6403461e-01	8.6626717e-01	8.7136248e-01	8.7643470e-01	9.1828949e-01	9.1794834e-01	9.1235203e-01	9.0895716e-01	9.0687951e-01	8.9942807e-01	8.8544234e-01	8.7854560e-01	8.7277926e-01	8.7016769e-01	5.0000000e+00
6.7050294e-01	6.6815627e-01	6.6845812e-01	6.6744376e-01	6.7376717e-01	6.6372174e-01	6.5765763e-01	6.4695529e-01	6.4451959e-01	6.5518908e-01	6.9163463e-01	7.0147636e-01	7.1415729e-01	7.1567576e-01	7.0609546e-01	6.9967099e-01	7.0850644e-01	7.1315628e-01	7.1917586e-01	7.3337499e-01	9.3356536e-01	9.4461649e-01	9.5193708e-01	9.5899723e-01	9.7048411e-01	9.6986724e-01	9.8027502e-01	9.8630725e-01	1.0000000e+00	9.9877978e-01	9.2605522e-01	9.2835654e-01	9.2697943e-01	9.2935582e-01	9.3541946e-01	9.3435631e-01	9.3479432e-01	9.3650673e-01	9.3805977e-01	9.3703063e-01	5.0000000e+00
6.0908697e-01	6.1858492e-01	6.2349267e-01	6.3318642e-01	6.4468368e-01	6.4949745e-01	6.4831902e-01	6.5196350e-01	6.5506939e-01	6.5846164e-01	6.0930809e-01	6.0864194e-01	6.1701824e-01	6.2849695e-01	6.2449566e-01	6.3331796e-01	6.4163399e-01	6.6000089e-01	6.8561582e-01	6.9150082e-01	9.3720867e-01	9.4517570e-01	9.4782989e-01	9.5010639e-01	9.6463193e-01	9.6538135e-01	9.6508857e-01	9.6913974e-01	9.7761012e-01	9.8270194e-01	9.6377610e-01	9.7432532e-01	9.7738814e-01	9.8002952e-01	9.9047833e-01	9.9081980e-01	9.9000006e-01	9.9295779e-01	9.9747704e-01	1.0000000e+00	5.0000000e+00
9.0784581e-01	9.0673634e-01	9.1267458e-01	9.1694136e-01	9.1808448e-01	9.2140192e-01	9.2190242e-01	9.1979637e-01	9.1044177e-01	9.0490316e-01	9.0511600e-01	9.2124173e-01	9.3154811e-01	9.2393161e-01	9.0653596e-01	9.0288686e-01	9.0179004e-01	8.9943720e-01	8.9922016e-01	8.8781763e-01	6.7864551e-01	6.7496023e-01	6.6531009e-01	6.5625926e-01	6.4443826e-01	6.2912684e-01	6.2114270e-01	5.9673831e-01	5.8293527e-01	5.7949947e-01	5.9279651e-01	6.0274525e-01	6.1254563e-01	6.0707994e-01	5.9227046e-01	5.9399793e-01	5.9507071e-01	5.9161532e-01	5.9718184e-01	5.9074053e-01	6.0000000e+00
8.3662027e-01	8.4455249e-01	8.4569796e-01	8.4519982e-01	8.4811903e-01	8.5728720e-01	8.6218798e-01	8.6114594e-01	8.6233627e-01	8.6442615e-01	8.1331583e-01	8.2214042e-01	8.1764999e-01	8.1815101e-01	8.1632853e-01	8.2054313e-01	8.2777161e-01	8.3255888e-01	8.3561864e-01	8.4772995e-01	3.7270922e-01	3.8521157e-01	3.7537741e-01	3.6997331e-01	3.6974743e-01	3.7858542e-01	3.7917955e-01	3.9636459e-01	3.9854241e-01	3.9940601e-01	5.5393707e-01	5.4922743e-01	5.4541581e-01	5.5161421e-01	5.4054269e-01	5.3551148e-01	5.2554428e-01	5.3103734e-01	5.2972148e-01	5.1433146e-01	6.0000000e+00
9.1895123e-01	9.2359550e-01	9.2412739e-01	9.2616479e-01	9.3318127e-01	9.4258938e-01	9.4296222e-01	9.4972728e-01	9.5244116e-01	9.5222071e-01	8.9164683e-01	9.0530763e-01	9.3099392e-01	9.3276079e-01	9.3784553e-01	9.5664321e-01	9.5911975e-01	9.5344835e-01	9.5670966e-01	9.5473427e-01	6.2033911e-01	6.3164315e-01	6.2508562e-01	6.1651158e-01	6.0092822e-01	5.9195808e-01	5.8944265e-01	5.8432467e-01	5.8918316e-01	5.8510617e-01	6.4686274e-01	6.4788963e-01	6.4067956e-01	6.3546862e-01	6.3101834e-01	6.2158658e-01	6.1490876e-01	6.1266136e-01	6.0327340e-01	6.0092240e-01	6.0000000e+00
4.5193343e-01	4.4792459e-01	4.4417620e-01	4.4229064e-01	4.6138537e-01	4.5490327e-01	4.4547706e-01	4.3685741e-01	4.4041644e-01	4.3995964e-01	8.4255653e-01	8.4390184e-01	8.4650750e-01	8.3960626e-01	8.4652043e-01	8.4489478e-01	8.4500532e-01	8.4936855e-01	8.5252486e-01	8.6577838e-01	5.6758215e-01	5.5423280e-01	5.4627502e-01	5.4252574e-01	5.5154177e-01	5.5587834e-01	5.4531657e-01	5.3434116e-01	5.3720068e-01	5.3002304e-01	8.0150618e-01	8.0010235e-01	7.9715226e-01	7.9695502e-01	8.0552664e-01	8.0847550e-01	8.0955315e-01	8.0757758e-01	8.1220079e-01	8.0860624e-01	6.0000000e+00
8.7620573e-01	8.7402084e-01	8.7331865e-01	8.7554203e-01	8.7769299e-01	8.8386307e-01	8.8772520e-01	8.8190574e-01	8.7488711e-01	8.6971601e-01	7.3839071e-01	7.5295217e-01	7.6300581e-01	7.6082699e-01	7.6199152e-01	7.8399079e-01	7.7705803e-01	7.6527910e-01	7.6255591e-01	7.6392760e-01	5.2967144e-01	5.4023695e-01	5.5547666e-01	5.6488012e-01	5.7466004e-01	5.8685555e-01	5.8938939e-01	5.7195040e-01	5.7788837e-01	5.7582799e-01	5.1937070e-01	5.2113942e-01	5.2128831e-01	5.2589571e-01	5.4024126e-01	5.4679258e-01	5.4729352e-01	5.3198095e-01	5.2155630e-01	5.2491149e-01	6.0000000e+00
8.3642578e-01	8.4363243e-01	8.4428769e-01	8.4209752e-01	8.4241361e-01	8.4409852e-01	8.4361861e-01	8.3893342e-01	8.3559979e-01	8.3298605e-01	9.0823805e-01	9.2376090e-01	9.4430936e-01	9.4412596e-01	9.3948367e-01	9.4502856e-01	9.6360478e-01	9.8460895e-01	1.0000000e+00	9.9995238e-01	4.1120564e-01	4.0260186e-01	4.0141112e-01	4.1286999e-01	4.2535998e-01	4.2737830e-01	4.3593124e-01	4.3969195e-01	4.4875227e-01	4.4066500e-01	6.1082349e-01	6.1039729e-01	6.0825108e-01	6.1613945e-01	6.0868710e-01	6.0822857e-01	6.0981494e-01	6.0200343e-01	5.9923651e-01	5.9033509e-01	6.0000000e+00
8.0277701e-01	7.8870830e-01	7.7653890e-01	7.5720446e-01	7.4324358e-01	7.1834925e-01	6.9137425e-01	6.7272337e-01	6.6301587e-01	6.6066114e-01	6.8852567e-01	6.8731464e-01	6.9637873e-01	7.1356683e-01	7.3837156e-01	7.5072458e-01	7.5014582e-01	7.4739083e-01	7.6130883e-01	7.7986983e-01	4.3703583e-01	4.5255621e-01	4.5539083e-01	4.7519919e-01	4.9037775e-01	4.8254040e-01	4.6924299e-01	4.6906575e-01	4.9045753e-01	4.9703810e-01	6.6468583e-01	6.7180117e-01	6.7892622e-01	6.8504648e-01	7.0298664e-01	7.1058279e-01	6.9896694e-01	6.9702225e-01	7.0035415e-01	7.0578905e-01	6.0000000e+00
8.4369976e-01	8.4297487e-01	8.5017816e-01	8.5038881e-01	8.5073728e-01	8.5011758e-01	8.5253753e-01	8.4819328e-01	8.4949221e-01	8.5658738e-01	6.0503446e-01	6.1736005e-01	6.2947650e-01	6.4398616e-01	6.5169465e-01	6.6096976e-01	6.7072664e-01	6.8758069e-01	6.9712345e-01	7.1381887e-01	2.6346797e-01	2.6997937e-01	2.6586969e-01	2.6242788e-01	2.6345356e-01	2.7130813e-01	2.7124205e-01	2.8831435e-01	3.0059189e-01	3.2311910e-01	5.1531509e-01	5.0819377e-01	4.9768165e-01	5.0053468e-01	5.0178769e-01	4.9945732e-01	5.0726305e-01	5.0454404e-01	4.9670674e-01	4.9820069e-01	6.0000000e+00
8.6580439e-01	8.6607176e-01	8.6716230e-01	8.6085785e-01	8.6507613e-01	8.6674089e-01	8.6887776e-01	8.7299122e-01	8.7781935e-01	8.7433591e-01	8.0671338e-01	8.1907504e-01	8.1530892e-01	8.1744663e-01	8.0895036e-01	8.0455713e-01	7.8181414e-01	7.7943137e-01	7.8365332e-01	7.8619930e-01	4.7569602e-01	4.7252690e-01	4.5017309e-01	4.3632976e-01	4.4045460e-01	4.1991202e-01	4.2584051e-01	4.2101016e-01	4.0696351e-01	3.9000123e-01	6.1719353e-01	6.1341844e-01	6.0930208e-01	6.0900551e-01	6.1951029e-01	6.1771305e-01	6.0849648e-01	6.0426543e-01	6.0905370e-01	6.0435941e-01	6.0000000e+00
8.9274071e-01	8.9794043e-01	9.0807459e-01	9.1313992e-01	9.1260894e-01	9.1694006e-01	9.1727408e-01	9.1644475e-01	9.1656854e-01	9.1270955e-01	7.6275404e-01	7.4796527e-01	7.3988268e-01	7.5730910e-01	7.7873158e-01	7.8953507e-01	7.9830404e-01	8.1557841e-01	8.1524705e-01	8.1316826e-01	5.8841076e-01	5.7498406e-01	5.7761143e-01	5.9146586e-01	5.9069521e-01	5.9379657e-01	5.9433255e-01	5.9138980e-01	5.9663022e-01	6.0598227e-01	6.4053236e-01	6.4092581e-01	6.3738977e-01	6.3685290e-01	6.3457798e-01	6.3594635e-01	6.4036656e-01	6.3255824e-01	6.2835573e-01	6.1891743e-01	6.0000000e+00
8.3881315e-01	8.4000569e-01	8.3713511e-01	8.3403148e-01	8.3302747e-01	8.2984349e-01	8.2369388e-01	8.1528021e-01	8.1036584e-01	8.0385102e-01	6.5054348e-01	6.6984553e-01	6.8612054e-01	6.9271179e-01	6.8940675e-01	6.7317363e-01	6.5973705e-01	6.4982398e-01	6.5331144e-01	6.4973208e-01	4.0830858e-01	3.9795276e-01	3.8177307e-01	3.8684109e-01	3.6973197e-01	3.7343264e-01	3.6687726e-01	3.7359884e-01	3.6845232e-01	3.6469803e-01	5.3752983e-01	5.4020010e-01	5.4181874e-01	5.4540845e-01	5.3693380e-01	5.2587013e-01	5.3672787e-01	5.4836109e-01	5.3576955e-01	5.3837552e-01	6.0000000e+00
5.7144633e-01	5.6729314e-01	5.6232938e-01	5.6973898e-01	5.5560670e-01	5.4259898e-01	5.3752582e-01	5.3324418e-01	5.3264493e-01	5.3536189e-01	6.8690169e-01	6.9757678e-01	7.0237921e-01	6.9924119e-01	6.9574693e-01	6.9681373e-01	6.8356020e-01	6.7361579e-01	6.7195622e-01	6.8167877e-01	1.7680237e-01	1.7752370e-01	1.7049953e-01	1.5749465e-01	1.7283046e-01	1.7484136e-01	1.8048451e-01	1.8329708e-01	1.7309241e-01	1.7714642e-01	4.3281721e-01	4.4647620e-01	4.5434857e-01	4.5596022e-01	4.4460479e-01	4.4888937e-01	4.4887356e-01	4.5631598e-01	4.5781464e-01	4.5794882e-01	6.0000000e+00
8.6919257e-01	8.7371325e-01	8.7863658e-01	8.8536834e-01	8.8565078e-01	8.9079546e-01	8.9135677e-01	8.8838634e-01	8.9510990e-01	8.9578827e-01	9.0788561e-01	8.9674575e-01	8.9919799e-01	8.9881023e-01	9.1205368e-01	9.0511605e-01	9.0336962e-01	9.0224033e-01	8.9533252e-01	8.9825664e-01	4.2982962e-01	4.3162830e-01	4.3917993e-01	4.3755349e-01	4.3887978e-01	4.4699426e-01	4.5331590e-01	4.4943894e-01	4.4480405e-01	4.5282791e-01	5.2652500e-01	5.4056792e-01	5.4348074e-01	5.4337900e-01	5.4402053e-01	5.3693200e-01	5.3384260e-01	5.3490575e-01	5.3418512e-01	5.3523328e-01	6.0000000e+00
7.0833964e-01	7.3787314e-01	7.6250311e-01	7.8216675e-01	7.9146869e-01	8.0580296e-01	8.1726345e-01	8.3830764e-01	8.5299221e-01	8.6681172e-01	5.7073952e-01	5.8687546e-01	5.9190811e-01	5.9994265e-01	6.2148392e-01	6.4137794e-01	6.5453045e-01	6.5514265e-01	6.6889317e-01	6.9162076e-01	3.0886583e-01	3.2171676e-01	3.2281227e-01	3.1901361e-01	3.1581309e-01	3.1979498e-01	3.1915505e-01	3.1248166e-01	3.1492817e-01	3.1839827e-01	5.0566698e-01	5.1616987e-01	5.3477899e-01	5.3626150e-01	5.4562516e-01	5.6103235e-01	5.6329301e-01	5.6463049e-01	5.7500539e-01	5.7935432e-01	6.0000000e+00
8.6244255e-01	8.6002455e-01	8.6575335e-01	8.5727675e-01	8.5694399e-01	8.5189649e-01	8.5285311e-01	8.5404856e-01	8.5635579e-01	8.6249993e-01	8.0820917e-01	8.0259340e-01	8.0865250e-01	7.9465625e-01	7.8828561e-01	7.8067922e-01	7.7215599e-01	7.5831200e-01	7.4486810e-01	7.5743617e-01	5.6747321e-01	5.5624645e-01	5.7451229e-01	5.6803677e-01	5.6844004e-01	5.7378421e-01	5.8390004e-01	5.9189769e-01	6.0574373e-01	6.2711551e-01	3.8293849e-01	3.9141863e-01	4.0264866e-01	3.9866889e-01	3.9935987e-01	4.1491107e-01	4.2936477e-01	4.3326569e-01	4.3827297e-01	4.5043315e-01	6.0000000e+00
8.0771109e-01	8.0985203e-01	8.1858285e-01	8.3269419e-01	8.3953740e-01	8.4240455e-01	8.4288052e-01	8.4250158e-01	8.4535426e-01	8.4699341e-01	7.5519724e-01	7.6503165e-01	7.5712013e-01	7.4848757e-01	7.5557540e-01	7.6785170e-01	7.7354699e-01	7.7816432e-01	7.9357384e-01	7.8986420e-01	3.9048153e-01	4.1623537e-01	4.3368195e-01	4.4545940e-01	4.6222354e-01	4.8339624e-01	4.9566565e-01	4.9672386e-01	4.7451610e-01	4.6529950e-01	3.0516870e-01	2.9675026e-01	3.0060915e-01	2.9939108e-01	3.0574071e-01	3.1232145e-01	3.1495777e-01	3.2332337e-01	3.3080996e-01	3.3213309e-01	6.0000000e+00
8.5548011e-01	8.5265503e-01	8.5065564e-01	8.5414837e-01	8.5271564e-01	8.6489146e-01	8.7261928e-01	8.7167415e-01	8.8440846e-01	8.9191856e-01	6.7831890e-01	6.8602741e-01	7.0424202e-01	7.2927337e-01	7.4926493e-01	7.7277649e-01	7.8761778e-01	7.8208929e-01	7.9424054e-01	8.2670067e-01	4.6946179e-01	4.6774418e-01	4.7711193e-01	4.7309143e-01	4.6990523e-01	4.7180437e-01	4.7298068e-01	4.9238470e-01	5.3795958e-01	5.3736518e-01	6.5180257e-01	6.4802553e-01	6.4394829e-01	6.5364797e-01	6.4833056e-01	6.4863285e-01	6.4006933e-01	6.3901249e-01	6.4545149e-01	6.4161241e-01	6.0000000e+00
9.4016896e-01	9.4384555e-01	9.5223189e-01	9.5592463e-01	9.6425191e-01	9.7392452e-01	9.6993025e-01	9.6320787e-01	9.6293507e-01	9.6791995e-01	6.9418700e-01	7.0369380e-01	7.0955551e-01	7.1898348e-01	7.3324951e-01	7.5230595e-01	7.5452652e-01	7.5360751e-01	7.3396345e-01	7.2437679e-01	8.1744846e-01	8.2511040e-01	8.3057318e-01	8.2792251e-01	8.2588536e-01	8.3697752e-01	8.4739368e-01	8.4457977e-01	8.4292886e-01	8.4364478e-01	5.6012615e-01	5.7287512e-01	5.7617285e-01	5.7279677e-01	5.7366156e-01	5.8238003e-01	5.9216016e-01	5.8811068e-01	5.8955717e-01	5.9131715e-01	7.0000000e+00
9.7615159e-01	9.7788630e-01	9.8274089e-01	9.8145934e-01	9.8339202e-01	9.8222774e-01	9.8486864e-01	9.8213499e-01	9.7843590e-01	9.7750361e-01	8.9179959e-01	8.8832368e-01	8.8871444e-01	8.8125776e-01	8.6736224e-01	8.6229162e-01	8.5583627e-01	8.5756032e-01	8.5421930e-01	8.5807397e-01	9.8080296e-01	9.7977694e-01	9.7718773e-01	9.8045624e-01	9.7708226e-01	9.7382863e-01	9.7562156e-01	9.7092102e-01	9.7189380e-01	9.7300179e-01	6.3081833e-01	6.3573944e-01	6.3652371e-01	6.3808501e-01	6.3574797e-01	6.3948585e-01	6.4625505e-01	6.4430080e-01	6.4782744e-01	6.4759640e-01	7.0000000e+00
9.2298527e-01	9.2478864e-01	9.2789684e-01	9.2899038e-01	9.3080168e-01	9.3389397e-01	9.3292394e-01	9.2835921e-01	9.2615063e-01	9.2335173e-01	8.4856697e-01	8.5611419e-01	8.4873330e-01	8.4156835e-01	8.4228721e-01	8.4997095e-01	8.5578659e-01	8.3552554e-01	8.3891810e-01	8.3997284e-01	8.5892493e-01	8.6358666e-01	8.6220650e-01	8.6207046e-01	8.6186295e-01	8.6685883e-01	8.6718099e-01	8.6805934e-01	8.7391580e-01	8.8110041e-01	6.4545446e-01	6.5749659e-01	6.5517759e-01	6.5140525e-01	6.4641943e-01	6.4228915e-01	6.4832148e-01	6.4665474e-01	6.5082690e-01	6.5784635e-01	7.0000000e+00
9.6956832e-01	9.7497747e-01	9.7261018e-01	9.7311840e-01	9.7560099e-01	9.8243850e-01	9.8537142e-01	9.9044960e-01	9.9822534e-01	1.0000000e+00	8.3112346e-01	8.2958399e-01	8.3230921e-01	8.3661046e-01	8.3259975e-01	8.2436865e-01	8.0950489e-01	8.0247482e-01	8.1622046e-01	8.0256743e-01	7.4316597e-01	7.4272023e-01	7.4120117e-01	7.3904386e-01	7.3793527e-01	7.4191392e-01	7.4633941e-01	7.4763306e-01	7.4959299e-01	7.4901730e-01	6.2184464e-01	6.3019771e-01	6.3813159e-01	6.3380864e-01	6.3624805e-01	6.4189054e-01	6.4776742e-01	6.4099860e-01	6.3478337e-01	6.3281018e-01	7.0000000e+00
8.4033323e-01	8.3686164e-01	8.3553362e-01	8.4744088e-01	8.5944689e-01	8.7392637e-01	8.8076766e-01	8.8680534e-01	8.7985274e-01	8.7905310e-01	5.5895719e-01	5.4246036e-01	5.3569744e-01	5.6636568e-01	6.0085973e-01	6.1888161e-01	6.2116726e-01	6.4055491e-01	6.4027444e-01	6.4354887e-01	7.1945304e-01	7.0507667e-01	7.0375060e-01	7.0861677e-01	7.2441069e-01	7.3520006e-01	7.3460289e-01	7.3309283e-01	7.2388146e-01	7.2292369e-01	5.0132080e-01	4.9279209e-01	4.9726112e-01	4.9429941e-01	5.0772351e-01	5.1400950e-01	5.0631927e-01	5.0745246e-01	4.9806320e-01	5.0182002e-01	7.0000000e+00
8.6325826e-01	8.6496676e-01	8.7570778e-01	8.8445028e-01	8.8979827e-01	8.9706480e-01	8.9253400e-01	8.9144866e-01	8.8977306e-01	8.8865016e-01	7.7244778e-01	7.6810728e-01	7.6769713e-01	7.6097649e-01	7.6469829e-01	7.5086849e-01	7.4996518e-01	7.4219128e-01	7.3771571e-01	7.4356547e-01	6.6038626e-01	6.6864229e-01	6.8375803e-01	6.9944929e-01	7.1399071e-01	7.1469466e-01	7.1232487e-01	7.1304576e-01	7.2299221e-01	7.3262204e-01	2.7476166e-01	2.8192816e-01	2.9262192e-01	3.1325367e-01	3.4290485e-01	3.4623425e-01	3.4981292e-01	3.5347879e-01	3.5480087e-01	3.6829337e-01	7.0000000e+00
8.8349788e-01	8.8397923e-01	8.8420356e-01	8.8541620e-01	8.8833400e-01	8.8858083e-01	8.8810598e-01	8.8853681e-01	8.8992260e-01	8.8898734e-01	7.3914446e-01	7.4153020e-01	7.4715970e-01	7.3734312e-01	7.1288154e-01	7.1369235e-01	7.1546519e-01	7.2132954e-01	7.2372418e-01	7.2261591e-01	6.2055621e-01	6.2752279e-01	6.3274523e-01	6.3975509e-01	6.4212760e-01	6.3867028e-01	6.4118847e-01	6.4003903e-01	6.4338683e-01	6.4497692e-01	3.0909030e-01	3.2612783e-01	3.4173673e-01	3.4984746e-01	3.5612628e-01	3.5353289e-01	3.5566698e-01	3.6366688e-01	3.6765435e-01	3.7138653e-01	7.0000000e+00
9.3901822e-01	9.3956982e-01	9.4928503e-01	9.5876217e-01	9.5779437e-01	9.6237440e-01	9.6152137e-01	9.5828259e-01	9.4982814e-01	9.4064964e-01	7.5301897e-01	7.5191581e-01	7.5585638e-01	7.5574507e-01	7.5712710e-01	7.5298520e-01	7.5319148e-01	7.4401544e-01	7.7421655e-01	7.7389666e-01	7.5421099e-01	7.6103259e-01	7.7520587e-01	7.8965328e-01	7.9233945e-01	7.9794975e-01	7.9833910e-01	8.0409807e-01	8.0335552e-01	8.0243765e-01	4.5867610e-01	4.6581617e-01	4.6991881e-01	4.7700124e-01	4.8671808e-01	4.8718720e-01	4.8123342e-01	4.7887090e-01	4.7312349e-01	4.7403385e-01	7.0000000e+00
9.3503741e-01	9.4042659e-01	9.4090245e-01	9.4120180e-01	9.4117560e-01	9.4103969e-01	9.3903439e-01	9.3406089e-01	9.3203345e-01	9.2772727e-01	7.6650573e-01	7.6882205e-01	7.8441709e-01	7.8448451e-01	7.8748774e-01	7.9256554e-01	7.8925601e-01	8.0187080e-01	8.0070318e-01	7.8374998e-01	7.7631812e-01	7.7743750e-01	7.7778901e-01	7.7816654e-01	7.8504797e-01	7.8494257e-01	7.8489297e-01	7.7898516e-01	7.7363110e-01	7.7220760e-01	5.4750407e-01	5.5235477e-01	5.4236234e-01	5.4716861e-01	5.5712250e-01	5.5222823e-01	5.5494546e-01	5.5016850e-01	5.5923333e-01	5.7186896e-01	7.0000000e+00
8.5263842e-01	8.6569325e-01	8.7689832e-01	8.8361696e-01	8.8904061e-01	8.9991477e-01	9.0352299e-01	9.1054658e-01	9.1617086e-01	9.1491897e-01	6.3874819e-01	6.6822189e-01	6.8601271e-01	6.8649345e-01	6.8999185e-01	7.0528377e-01	7.0221793e-01	7.0308583e-01	7.0168623e-01	6.9189081e-01	6.0549370e-01	6.0589054e-01	6.1084535e-01	6.1914644e-01	6.2905283e-01	6.3681304e-01	6.3919592e-01	6.4632569e-01	6.4806217e-01	6.5764974e-01	3.8173017e-01	4.0404013e-01	4.2001366e-01	4.4459416e-01	4.6530671e-01	4.8019160e-01	4.9108361e-01	4.9044610e-01	4.7991058e-01	4.8586030e-01	7.0000000e+00
8.2793940e-01	8.2050272e-01	8.1801210e-01	8.2169641e-01	8.2826929e-01	8.2901078e-01	8.2813910e-01	8.2933397e-01	8.2586484e-01	8.2258805e-01	7.4533763e-01	7.5718349e-01	7.7264512e-01	7.7552100e-01	7.7786753e-01	7.8850009e-01	7.9393175e-01	7.8109570e-01	7.8334109e-01	7.6504424e-01	6.5228303e-01	6.7299234e-01	6.7762634e-01	6.7431039e-01	6.7854057e-01	6.7931551e-01	6.7481351e-01	6.7025488e-01	6.7458933e-01	6.7374232e-01	3.3009112e-01	3.3810880e-01	3.3375861e-01	3.3296464e-01	3.4301692e-01	3.4655294e-01	3.3833601e-01	3.3178699e-01	3.3085887e-01	3.2650342e-01	7.0000000e+00
8.9484332e-01	8.9592286e-01	8.9963404e-01	9.0430057e-01	9.0946976e-01	9.1367003e-01	9.2554916e-01	9.2751826e-01	9.2869965e-01	9.2587830e-01	5.1626803e-01	5.2124021e-01	5.1093068e-01	5.0913387e-01	5.1443591e-01	5.1471843e-01	5.2571200e-01	5.3868187e-01	5.5056659e-01	5.5745622e-01	6.0206988e-01	6.2493910e-01	6.6705457e-01	6.7203781e-01	6.8360148e-01	6.8418837e-01	7.0210518e-01	7.0632529e-01	7.1056789e-01	7.1534831e-01	3.8535956e-01	3.9689028e-01	4.0127447e-01	4.0998005e-01	4.2249528e-01	4.2048325e-01	4.3464352e-01	4.4150044e-01	4.4707998e-01	4.6356349e-01	7.0000000e+00
8.9037892e-01	8.9051886e-01	8.9039463e-01	8.8107334e-01	8.7678512e-01	8.7537585e-01	8.8127364e-01	8.8556202e-01	8.7728405e-01	8.7480708e-01	8.1298454e-01	7.9722605e-01	7.7674324e-01	7.7352304e-01	7.7178113e-01	7.6785917e-01	7.7049897e-01	7.7027640e-01	7.7282491e-01	7.8015775e-01	7.0284511e-01	7.1020003e-01	7.1034640e-01	7.0349207e-01	7.0533925e-01	7.0910255e-01	7.1618931e-01	7.1461672e-01	7.2177480e-01	7.3166246e-01	4.2122686e-01	4.3762800e-01	4.5232386e-01	4.5312789e-01	4.5845158e-01	4.7053046e-01	4.8334463e-01	4.8540851e-01	4.9358649e-01	5.1467405e-01	7.0000000e+00
9.0155791e-01	9.0871278e-01	9.0976727e-01	9.0794675e-01	9.0854398e-01	9.1283466e-01	9.2147195e-01	9.2699474e-01	9.3472759e-01	9.3801572e-01	8.3166850e-01	8.1396495e-01	8.0114325e-01	8.0575307e-01	8.0224543e-01	7.9744583e-01	7.9185106e-01	7.9608437e-01	8.1478795e-01	8.1306513e-01	7.5260251e-01	7.5386690e-01	7.5048070e-01	7.6312931e-01	7.7378023e-01	7.7431427e-01	7.7117562e-01	7.7277643e-01	7.8437560e-01	7.8520188e-01	4.3918317e-01	4.4443141e-01	4.5088415e-01	4.6811686e-01	4.8834723e-01	5.1330146e-01	5.1801711e-01	5.3289599e-01	5.3996647e-01	5.4589935e-01	7.0000000e+00
8.5843710e-01	8.5892693e-01	8.7283686e-01	8.8473153e-01	8.8531739e-01	8.8794190e-01	8.9495323e-01	8.9287227e-01	8.9402459e-01	8.8585406e-01	6.0748261e-01	6.1096045e-01	6.2379833e-01	6.3255066e-01	6.3728715e-01	6.5532573e-01	6.6342055e-01	6.6421240e-01	6.7376714e-01	6.8094928e-01	7.6044929e-01	7.5344979e-01	7.5779588e-01	7.6187125e-01	7.5963664e-01	7.6119859e-01	7.6950643e-01	7.7600890e-01	7.8823428e-01	7.9212870e-01	3.8748057e-01	3.6523432e-01	3.7709248e-01	4.0012632e-01	4.0002581e-01	4.0490080e-01	3.9329112e-01	3.9546326e-01	3.9852541e-01	3.8967195e-01	7.0000000e+00
7.7751246e-01	7.8744441e-01	7.8970812e-01	7.9355908e-01	8.0207658e-01	8.0594061e-01	8.1106594e-01	8.1213686e-01	8.1475886e-01	8.2072991e-01	5.8077924e-01	5.7185092e-01	5.7085343e-01	5.8236059e-01	5.9087383e-01	5.9615086e-01	6.2585838e-01	6.3202049e-01	6.3378318e-01	6.3315848e-01	6.5162277e-01	6.5028336e-01	6.5698916e-01	6.6012127e-01	6.6936943e-01	6.8207903e-01	6.9571917e-01	6.9565751e-01	6.9497556e-01	7.0099407e-01	3.9186086e-01	3.9331794e-01	4.0358087e-01	4.1033942e-01	4.1216166e-01	4.1462664e-01	4.2745725e-01	4.2673960e-01	4.2629364e-01	4.2522192e-01	7.0000000e+00
8.7171879e-01	8.7103665e-01	8.6159015e-01	8.5752797e-01	8.5896254e-01	8.5084524e-01	8.4405642e-01	8.4333850e-01	8.4327271e-01	8.3804319e-01	7.2384705e-01	7.2244270e-01	7.3466097e-01	7.3466311e-01	7.2291181e-01	7.0789014e-01	7.1778134e-01	7.2904395e-01	7.3928492e-01	7.4982904e-01	8.3252111e-01	8.3025658e-01	8.3472002e-01	8.4661741e-01	8.6101245e-01	8.6455951e-01	8.6479821e-01	8.6642218e-01	8.7552729e-01	8.6239485e-01	5.5548953e-01	5.5204328e-01	5.5180887e-01	5.5884617e-01	5.6717799e-01	5.6057477e-01	5.5886044e-01	5.6373937e-01	5.7725208e-01	5.7395799e-01	7.0000000e+00
9.2082170e-01	9.2333034e-01	9.1853297e-01	9.1368596e-01	9.0898023e-01	9.0566276e-01	9.0811863e-01	9.0926667e-01	9.0902544e-01	9.1723078e-01	8.1267910e-01	8.3263808e-01	8.3919863e-01	8.3993854e-01	8.4875089e-01	8.3726675e-01	8.2621925e-01	8.2190864e-01	8.2932424e-01	8.3491989e-01	8.3292879e-01	8.3268719e-01	8.2987359e-01	8.1787569e-01	8.1749075e-01	8.2953186e-01	8.3211087e-01	8.3852637e-01	8.3133323e-01	8.3224700e-01	5.6531205e-01	5.7390104e-01	5.7903158e-01	5.6986775e-01	5.6547575e-01	5.6863325e-01	5.7646653e-01	5.9415227e-01	5.9046681e-01	5.9291917e-01	7.0000000e+00
9.4079189e-01	9.4699023e-01	9.4603768e-01	9.5082851e-01	9.5577303e-01	9.6086458e-01	9.6756280e-01	9.7495796e-01	9.7945724e-01	9.8033132e-01	8.1437101e-01	8.2363793e-01	8.2732147e-01	8.3590193e-01	8.3290057e-01	8.3220483e-01	8.2144382e-01	8.1270110e-01	8.1459358e-01	8.1384165e-01	8.8619343e-01	8.8770031e-01	8.9517074e-01	9.0022706e-01	9.0419136e-01	9.1106312e-01	9.0955975e-01	9.0790786e-01	9.0056147e-01	8.9204119e-01	6.5709835e-01	6.5923050e-01	6.6721224e-01	6.7520646e-01	6.9105596e-01	7.1134997e-01	7.1339137e-01	7.1550512e-01	7.1708290e-01	7.2015370e-01	7.0000000e+00
2.5648780e-01	2.5954146e-01	2.5531678e-01	2.6457752e-01	2.8026897e-01	2.8988730e-01	2.9395532e-01	2.9123477e-01	2.9522200e-01	3.0818134e-01	2.3489164e-01	2.2785095e-01	2.2983862e-01	2.4887239e-01	2.5454096e-01	2.5408273e-01	2.3635261e-01	2.3159555e-01	2.4336481e-01	2.4628620e-01	8.1096939e-01	8.0799147e-01	8.0615310e-01	8.1319274e-01	8.1425081e-01	8.1063626e-01	8.0557181e-01	8.0113223e-01	8.0892358e-01	8.1626081e-01	8.2515793e-01	8.2050942e-01	8.2162740e-01	8.2394537e-01	8.2510493e-01	8.2562872e-01	8.2616702e-01	8.2256660e-01	8.2648827e-01	8.3152347e-01	8.0000000e+00
3.8775890e-01	3.8569309e-01	3.8637958e-01	3.9354114e-01	4.1057097e-01	4.2399464e-01	4.2145373e-01	4.2530825e-01	4.3835726e-01	4.5162028e-01	2.7591324e-01	2.6358238e-01	2.5452760e-01	2.6139001e-01	2.7404297e-01	2.7675136e-01	2.7153323e-01	2.7502858e-01	2.8277263e-01	2.8456372e-01	7.5949423e-01	7.6094193e-01	7.5922779e-01	7.6171014e-01	7.6280714e-01	7.7519950e-01	7.7372922e-01	7.7535645e-01	7.7897348e-01	7.8912381e-01	7.7411997e-01	7.6998943e-01	7.6565890e-01	7.6406417e-01	7.6084794e-01	7.6360773e-01	7.6263863e-01	7.6275484e-01	7.6438562e-01	7.7085158e-01	8.0000000e+00
3.5683565e-01	3.5972038e-01	3.6166977e-01	3.5815804e-01	3.6835411e-01	3.7887044e-01	3.7927890e-01	3.8777219e-01	3.8709141e-01	3.8511970e-01	3.7956533e-01	3.7451524e-01	3.2885609e-01	2.8674966e-01	2.8677207e-01	3.0507541e-01	3.1512991e-01	3.0521681e-01	2.9171404e-01	2.9692853e-01	9.0845156e-01	9.1370764e-01	9.0039243e-01	8.8423635e-01	8.7742354e-01	8.8421153e-01	8.9191516e-01	9.0174681e-01	9.0571918e-01	9.1155015e-01	8.3212366e-01	8.4169259e-01	8.3929122e-01	8.3568537e-01	8.3633477e-01	8.4239544e-01	8.4813265e-01	8.5466870e-01	8.5830834e-01	8.6650821e-01	8.0000000e+00
3.2667966e-01	3.2681672e-01	3.2725402e-01	3.2902663e-01	3.3308682e-01	3.4441615e-01	3.5659375e-01	3.5996049e-01	3.6789964e-01	3.6723652e-01	2.4241445e-01	2.4207944e-01	2.4211811e-01	2.3393596e-01	2.1965941e-01	2.1552234e-01	2.3450648e-01	2.3788911e-01	2.4518675e-01	2.7130679e-01	7.6252277e-01	7.5780415e-01	7.6858366e-01	7.7165652e-01	7.6939554e-01	7.6940202e-01	7.6434437e-01	7.6771169e-01	7.7862552e-01	7.9276983e-01	8.3042649e-01	8.2997359e-01	8.3791301e-01	8.4086377e-01	8.4204380e-01	8.4355783e-01	8.4042175e-01	8.4414138e-01	8.5457339e-01	8.6315949e-01	8.0000000e+00
3.7883534e-01	3.8725442e-01	3.8553469e-01	3.9847057e-01	4.0676327e-01	4.0856839e-01	4.0469851e-01	4.0788600e-01	4.1108720e-01	4.0789717e-01	2.9216876e-01	2.9720019e-01	3.0870473e-01	3.0741408e-01	3.0221064e-01	2.8127155e-01	2.6898772e-01	2.7561514e-01	2.7386003e-01	2.8546829e-01	7.1794419e-01	7.2622419e-01	7.2269640e-01	7.2053600e-01	7.1299431e-01	6.9666850e-01	7.0260536e-01	7.0147801e-01	6.9235196e-01	6.8330580e-01	8.1066386e-01	8.1646538e-01	8.1651146e-01	8.1773737e-01	8.1111994e-01	8.0672511e-01	8.0864862e-01	8.0338361e-01	7.9152332e-01	7.8370745e-01	8.0000000e+00
2.9833908e-01	3.0732309e-01	3.2671099e-01	3.2943247e-01	3.3336491e-01	3.3159508e-01	3.3623872e-01	3.3472850e-01	3.3443011e-01	3.3549956e-01	3.3789175e-02	5.2269455e-02	7.0764534e-02	9.3230431e-02	9.2734194e-02	1.0176235e-01	9.8620039e-02	9.3589271e-02	9.0544578e-02	8.4686109e-02	4.9293549e-01	5.0941910e-01	5.4429670e-01	5.5495188e-01	5.5821206e-01	5.5385934e-01	5.5102711e-01	5.3861492e-01	5.3856690e-01	5.3825717e-01	7.0866314e-01	7.2141264e-01	7.4825568e-01	7.5380667e-01	7.5788542e-01	7.5590427e-01	7.5624647e-01	7.5396462e-01	7.5567034e-01	7.5656696e-01	8.0000000e+00
3.2790302e-01	3.3060530e-01	3.3366936e-01	3.4035509e-01	3.4676397e-01	3.5410556e-01	3.6077820e-01	3.6582817e-01	3.6772539e-01	3.7030733e-01	3.1206648e-01	3.2286070e-01	3.4235268e-01	3.4751240e-01	3.4333676e-01	3.4746103e-01	3.4205692e-01	3.4241714e-01	3.3244506e-01	3.1940831e-01	6.8828691e-01	7.0821029e-01	7.2450812e-01	7.3485292e-01	7.3673111e-01	7.3772004e-01	7.4582389e-01	7.5874963e-01	7.5920991e-01	7.6748912e-01	8.0712359e-01	8.1454046e-01	8.2405361e-01	8.2596197e-01	8.2610384e-01	8.2918465e-01	8.3325759e-01	8.3816325e-01	8.3630084e-01	8.4157430e-01	8.0000000e+00
3.7520045e-01	3.8836542e-01	3.9041554e-01	3.9615300e-01	3.9550383e-01	4.0084912e-01	4.0990977e-01	4.2131810e-01	4.2859588e-01	4.3880926e-01	1.7721191e-01	1.9716398e-01	2.0010122e-01	1.9123672e-01	1.8538823e-01	1.9749930e-01	2.1150535e-01	2.2904435e-01	2.2717847e-01	2.3605273e-01	6.8422143e-01	6.9316446e-01	6.9807269e-01	6.9334437e-01	6.8817943e-01	6.8136892e-01	6.8873787e-01	6.9404731e-01	6.9761038e-01	7.0311493e-01	7.8270559e-01	7.9100032e-01	7.9900686e-01	7.9790809e-01	7.9860874e-01	7.9877316e-01	8.0072535e-01	8.0338615e-01	8.0778903e-01	8.1053707e-01	8.0000000e+00
3.8685056e-01	3.8767102e-01	3.9036616e-01	3.9186854e-01	3.9304007e-01	3.9630819e-01	3.7922601e-01	3.7520747e-01	3.6493716e-01	3.5336133e-01	2.0834370e-01	2.1724726e-01	2.2733086e-01	2.3174542e-01	2.3666293e-01	2.5360335e-01	2.5956540e-01	2.4888339e-01	2.3519603e-01	2.3189678e-01	7.0346915e-01	7.1008464e-01	7.0292972e-01	7.0744491e-01	7.2095961e-01	7.4478454e-01	7.5129605e-01	7.5047103e-01	7.3767086e-01	7.2517220e-01	7.7816534e-01	7.8350717e-01	7.8357887e-01	7.8936487e-01	7.9525790e-01	8.0460699e-01	8.0716071e-01	8.0856614e-01	8.0571726e-01	8.0048284e-01	8.0000000e+00
4.6548808e-01	4.6974838e-01	4.7584939e-01	4.8050045e-01	4.8400949e-01	4.8656103e-01	4.8601533e-01	4.9004736e-01	4.8895825e-01	4.8978560e-01	4.0690385e-01	4.1605200e-01	4.1437771e-01	4.1121291e-01	4.2915331e-01	4.3667447e-01	4.4410773e-01	4.5466679e-01	4.5080676e-01	4.5226623e-01	7.8913410e-01	7.9390672e-01	7.9482320e-01	7.9748567e-01	7.9753100e-01	7.9817029e-01	8.0265556e-01	8.0633653e-01	8.1285330e-01	8.0777381e-01	8.5642037e-01	8.5846370e-01	8.5819258e-01	8.5671206e-01	8.5651249e-01	8.5372801e-01	8.5143938e-01	8.5147795e-01	8.5828292e-01	8.5857219e-01	8.0000000e+00
2.1310598e-01	2.1844586e-01	2.2386178e-01	2.3607424e-01	2.5755839e-01	2.7644639e-01	2.8032924e-01	2.8315458e-01	2.9985182e-01	3.1067155e-01	1.3736616e-01	1.5556250e-01	1.5619626e-01	1.6657038e-01	1.7691924e-01	1.7272743e-01	1.6816652e-01	1.6138592e-01	1.7972618e-01	1.7956710e-01	5.8565799e-01	6.0211006e-01	6.0754897e-01	6.2681557e-01	6.5374894e-01	6.7810483e-01	6.9108818e-01	7.0068218e-01	7.1171601e-01	7.1960011e-01	7.1997360e-01	7.3208525e-01	7.3738921e-01	7.4902440e-01	7.6493525e-01	7.7888352e-01	7.8847800e-01	7.9154847e-01	7.9420937e-01	8.0177527e-01	8.0000000e+00
3.6410947e-01	3.6968360e-01	3.9307275e-01	4.0212598e-01	4.0801150e-01	4.1190401e-01	4.1506356e-01	4.1397703e-01	4.1655461e-01	4.1470396e-01	3.0040135e-01	3.0167865e-01	2.9587814e-01	3.0075393e-01	3.0265709e-01	3.0450881e-01	3.1128748e-01	3.1111245e-01	3.1458406e-01	3.2036949e-01	6.8470858e-01	6.8804640e-01	6.8078892e-01	6.8541795e-01	6.9269151e-01	7.0444175e-01	7.1285195e-01	7.1432548e-01	7.1666305e-01	7.1313192e-01	8.1079779e-01	8.1182736e-01	8.0443689e-01	8.0251497e-01	8.0405171e-01	7.9904971e-01	7.8437654e-01	7.8058210e-01	7.7629654e-01	7.6748509e-01	8.0000000e+00
2.8665125e-01	2.8865044e-01	2.9422795e-01	2.9265329e-01	2.9417903e-01	3.0018480e-01	3.1460445e-01	3.2028203e-01	3.1872048e-01	3.1440438e-01	3.0329237e-01	3.1246436e-01	3.2866683e-01	3.4938310e-01	3.4295717e-01	3.3501892e-01	3.3570041e-01	3.1645612e-01	2.9389991e-01	2.8158410e-01	7.7461401e-01	7.7772834e-01	7.7442756e-01	7.7597627e-01	7.8523597e-01	7.9367736e-01	7.9321599e-01	7.8599152e-01	7.8761169e-01	7.8295203e-01	7.7749008e-01	7.8342499e-01	7.8579854e-01	7.8662716e-01	7.8929595e-01	7.9337364e-01	7.9536224e-01	7.9695899e-01	7.9844257e-01	7.9727422e-01	8.0000000e+00
2.9251882e-01	2.9998054e-01	3.0305917e-01	3.0953971e-01	3.1163259e-01	3.2292053e-01	3.2312675e-01	3.3304214e-01	3.3716434e-01	3.3634640e-01	3.9525594e-01	4.0291176e-01	4.2114247e-01	4.3645223e-01	4.4952790e-01	4.7222257e-01	4.8702600e-01	4.8981281e-01	5.0753140e-01	4.9883155e-01	9.1710904e-01	9.2400987e-01	9.3787832e-01	9.4113992e-01	9.4195523e-01	9.4100074e-01	9.3742351e-01	9.4229336e-01	9.3398223e-01	9.2581428e-01	7.7433153e-01	7.7577711e-01	7.8098404e-01	7.8871860e-01	7.9343477e-01	7.9680988e-01	7.9931070e-01	8.0807279e-01	8.1244244e-01	8.1510568e-01	8.0000000e+00
3.2042102e-01	3.1951611e-01	3.2125298e-01	3.2230701e-01	3.2122303e-01	3.2249577e-01	3.3221207e-01	3.3320844e-01	3.2695502e-01	3.2823188e-01	4.3975324e-01	4.5799391e-01	4.7254791e-01	4.7572456e-01	4.8270715e-01	4.8600480e-01	4.9499155e-01	5.0377241e-01	5.0391743e-01	5.0932562e-01	8.4915067e-01	8.4656314e-01	8.5148984e-01	8.6404799e-01	8.6065839e-01	8.6771679e-01	8.7968185e-01	8.8654641e-01	8.9326085e-01	8.9490363e-01	7.4861686e-01	7.4960012e-01	7.5260362e-01	7.6826296e-01	7.8953454e-01	8.0108297e-01	8.1357355e-01	8.2480274e-01	8.3312460e-01	8.3777604e-01	8.0000000e+00
3.3868445e-01	3.4152732e-01	3.5214658e-01	3.5927069e-01	3.6229488e-01	3.5896935e-01	3.6005303e-01	3.6391291e-01	3.7348687e-01	3.8266968e-01	4.2099360e-01	4.2954338e-01	4.4878493e-01	4.6721458e-01	4.6509876e-01	4.6671645e-01	4.6804810e-01	4.7904620e-01	5.0053537e-01	5.1511417e-01	8.5275261e-01	8.5816505e-01	8.6639562e-01	8.7798219e-01	8.7982870e-01	8.8244520e-01	8.8147775e-01	8.8399768e-01	8.9034065e-01	8.9684947e-01	8.4227665e-01	8.4410295e-01	8.5047927e-01	8.5693964e-01	8.5954185e-01	8.6162951e-01	8.6112642e-01	8.6316036e-01	8.6518046e-01	8.6521369e-01	8.0000000e+00
1.7405990e-01	2.0340854e-01	2.1930235e-01	2.3066737e-01	2.3497461e-01	2.4908049e-01	2.5997670e-01	2.8647329e-01	2.9494993e-01	3.0294143e-01	3.2384646e-01	3.2533491e-01	3.2929011e-01	3.4395063e-01	3.4052271e-01	3.5326892e-01	3.6519737e-01	3.6398563e-01	3.7185223e-01	3.5730392e-01	8.3485914e-01	8.5541808e-01	8.6413728e-01	8.7046219e-01	8.6552787e-01	8.6693506e-01	8.6636313e-01	8.6850146e-01	8.6214879e-01	8.5816741e-01	7.9230123e-01	8.0644701e-01	8.1484846e-01	8.2048086e-01	8.2329817e-01	8.2709816e-01	8.3202677e-01	8.3852162e-01	8.3226055e-01	8.3183175e-01	8.0000000e+00
3.2296048e-01	3.3098339e-01	3.4092053e-01	3.4536669e-01	3.4159331e-01	3.4019570e-01	3.3910134e-01	3.5097716e-01	3.6061500e-01	3.6713450e-01	1.0939223e-01	1.1092378e-01	1.0621556e-01	1.0587994e-01	1.1919227e-01	1.3112702e-01	1.4193063e-01	1.7496526e-01	1.9160700e-01	1.9882929e-01	6.3151820e-01	6.4341550e-01	6.4586224e-01	6.5148091e-01	6.4705415e-01	6.5055595e-01	6.6448537e-01	6.7592300e-01	7.0583102e-01	7.2517646e-01	7.3819856e-01	7.3917812e-01	7.3943449e-01	7.4110921e-01	7.3738240e-01	7.3763335e-01	7.4176998e-01	7.4658636e-01	7.5848442e-01	7.6647822e-01	8.0000000e+00
2.4827315e-01	2.4444146e-01	2.4615305e-01	2.5642682e-01	2.7653634e-01	2.7622263e-01	2.7088958e-01	2.7572489e-01	2.8074611e-01	2.8765963e-01	2.0818313e-01	2.1129664e-01	2.2032005e-01	2.1925971e-01	2.3008991e-01	2.4989814e-01	2.5676398e-01	2.6619029e-01	2.7478063e-01	2.8959703e-01	7.9502964e-01	7.9308117e-01	8.0145527e-01	8.0578744e-01	8.0996680e-01	8.1078455e-01	8.1916716e-01	8.3075567e-01	8.4531628e-01	8.5956860e-01	7.8350406e-01	7.8318817e-01	7.8882696e-01	7.9213522e-01	7.9537970e-01	7.9638240e-01	8.0140063e-01	8.0940331e-01	8.2052426e-01	8.2883484e-01	8.0000000e+00
3.4997032e-01	3.4887696e-01	3.5664932e-01	3.7126266e-01	3.7974603e-01	3.8458804e-01	3.8280496e-01	3.7422450e-01	3.6676137e-01	3.6866764e-01	4.0264075e-01	4.0345746e-01	3.9923263e-01	4.0922734e-01	4.2300055e-01	4.3449841e-01	4.4453219e-01	4.4235793e-01	4.4332511e-01	4.5747268e-01	9.3061492e-01	9.3426577e-01	9.3944593e-01	9.4455209e-01	9.5009186e-01	9.5061686e-01	9.4419320e-01	9.4239289e-01	9.4570614e-01	9.4864216e-01	9.2280995e-01	9.2403985e-01	9.2587092e-01	9.2922421e-01	9.3135693e-01	9.3259912e-01	9.2632819e-01	9.2236977e-01	9.2179401e-01	9.2553840e-01	8.0000000e+00
